# unix_time, cycles_done, cur_path, paths_total, pending_total, pending_favs, map_size, unique_crashes, unique_hangs, max_depth, execs_per_sec, n_nodes, n_edges, chat_times
1776710161, 0, 0, 93, 93, 19, 8.96%, 0, 0, 2, 16.57, 11, 29, 0
1776710166, 0, 0, 107, 107, 19, 8.98%, 0, 0, 2, 28.48, 11, 38, 0
1776710171, 0, 0, 123, 123, 19, 9.02%, 0, 0, 2, 29.19, 12, 46, 0
1776710176, 0, 0, 135, 135, 19, 9.03%, 0, 0, 2, 26.34, 12, 47, 0
1776710181, 0, 0, 145, 145, 19, 9.03%, 0, 0, 2, 22.90, 12, 53, 0
1776710186, 0, 0, 155, 155, 19, 9.05%, 0, 0, 2, 23.38, 12, 54, 0
1776710191, 0, 0, 162, 162, 19, 9.05%, 0, 0, 2, 19.21, 12, 60, 0
1776710197, 0, 0, 171, 171, 19, 9.06%, 0, 0, 2, 22.59, 12, 63, 0
1776710202, 0, 0, 178, 178, 19, 9.06%, 0, 0, 2, 17.48, 12, 63, 0
1776710212, 0, 0, 183, 183, 19, 9.07%, 0, 0, 2, 14.76, 12, 63, 0
1776710218, 0, 0, 190, 190, 19, 9.07%, 0, 0, 2, 14.67, 12, 63, 0
1776710223, 0, 0, 196, 196, 19, 9.09%, 0, 0, 2, 24.75, 13, 65, 0
1776710228, 0, 0, 203, 203, 19, 9.11%, 0, 0, 2, 25.93, 13, 66, 0
1776710233, 0, 0, 211, 211, 19, 9.11%, 0, 0, 2, 21.85, 13, 66, 0
1776710238, 0, 0, 215, 215, 19, 9.11%, 0, 0, 2, 14.05, 13, 66, 0
1776710243, 0, 0, 219, 219, 19, 9.11%, 0, 0, 2, 15.50, 13, 66, 0
1776710248, 0, 0, 224, 224, 19, 9.11%, 0, 0, 2, 12.90, 13, 66, 0
1776710253, 0, 0, 224, 224, 19, 9.11%, 0, 2, 2, 1.42, 13, 66, 0
1776710259, 0, 0, 227, 227, 19, 9.11%, 0, 2, 2, 20.58, 13, 66, 0
1776710264, 0, 0, 229, 229, 19, 9.11%, 0, 2, 2, 12.27, 13, 66, 0
1776710303, 0, 0, 230, 230, 19, 9.11%, 0, 3, 2, 0.88, 13, 66, 0
1776710314, 0, 0, 231, 231, 19, 9.11%, 0, 4, 2, 1.43, 13, 66, 0
1776710331, 0, 0, 232, 232, 19, 9.11%, 0, 4, 2, 17.72, 13, 67, 0
1776710336, 0, 0, 238, 238, 19, 9.12%, 0, 4, 2, 19.47, 13, 67, 0
1776710341, 0, 0, 244, 244, 19, 9.15%, 0, 4, 2, 19.07, 13, 68, 0
1776710346, 0, 0, 245, 245, 19, 9.15%, 0, 4, 2, 11.61, 13, 68, 0
1776710351, 0, 0, 249, 249, 19, 9.16%, 0, 4, 2, 18.26, 13, 68, 0
1776710356, 0, 0, 252, 252, 19, 9.16%, 0, 4, 2, 18.33, 13, 68, 0
1776710362, 0, 0, 259, 259, 19, 9.20%, 0, 4, 2, 15.87, 13, 70, 0
1776710367, 0, 0, 267, 267, 19, 9.21%, 0, 4, 2, 16.15, 13, 73, 0
1776710372, 0, 0, 270, 270, 19, 9.26%, 0, 4, 2, 12.29, 13, 73, 0
1776710378, 0, 0, 274, 274, 19, 9.26%, 0, 4, 2, 12.28, 13, 74, 0
1776710383, 0, 0, 281, 281, 19, 9.29%, 0, 4, 2, 17.42, 13, 78, 0
1776710388, 0, 0, 284, 284, 19, 9.29%, 0, 4, 2, 13.40, 13, 78, 0
1776710393, 0, 0, 285, 285, 19, 9.29%, 0, 4, 2, 9.54, 13, 78, 0
1776710398, 0, 0, 291, 291, 19, 9.29%, 0, 4, 2, 12.81, 13, 78, 0
1776710404, 0, 0, 291, 291, 19, 9.29%, 0, 5, 2, 0.88, 13, 78, 0
1776710415, 0, 0, 291, 291, 19, 9.29%, 0, 6, 2, 0.88, 13, 78, 0
1776710454, 0, 0, 292, 292, 19, 9.29%, 0, 6, 2, 20.75, 13, 78, 0
1776710459, 0, 0, 297, 297, 19, 9.29%, 0, 6, 2, 13.64, 13, 78, 0
1776710464, 0, 0, 302, 302, 19, 9.29%, 0, 6, 2, 15.60, 13, 78, 0
1776710469, 0, 0, 306, 306, 19, 9.29%, 0, 6, 2, 14.71, 13, 78, 0
1776710474, 0, 0, 308, 308, 19, 9.29%, 0, 6, 2, 12.96, 13, 78, 0
1776710480, 0, 0, 309, 309, 19, 9.30%, 0, 6, 2, 7.66, 13, 79, 0
1776710485, 0, 0, 311, 311, 19, 9.30%, 0, 6, 2, 9.34, 13, 80, 0
1776710490, 0, 0, 316, 316, 19, 9.30%, 0, 6, 2, 11.59, 13, 81, 0
1776710495, 0, 0, 319, 319, 19, 9.30%, 0, 6, 2, 15.21, 13, 81, 0
1776710500, 0, 0, 321, 321, 19, 9.30%, 0, 6, 2, 15.64, 13, 81, 0
1776710506, 0, 0, 324, 324, 19, 9.31%, 0, 6, 2, 13.26, 13, 81, 0
1776710511, 0, 0, 327, 327, 19, 9.31%, 0, 6, 2, 16.32, 13, 81, 0
1776710516, 0, 0, 330, 330, 19, 9.32%, 0, 6, 2, 14.02, 13, 83, 0
1776710521, 0, 0, 333, 333, 19, 9.32%, 0, 6, 2, 16.02, 13, 83, 0
1776710526, 0, 0, 338, 338, 19, 9.32%, 0, 7, 2, 2.20, 13, 83, 0
1776710531, 0, 0, 339, 339, 19, 9.32%, 0, 7, 2, 15.04, 13, 83, 0
1776710537, 0, 0, 341, 341, 19, 9.32%, 0, 8, 2, 8.31, 13, 83, 0
1776710554, 0, 0, 342, 342, 19, 9.32%, 0, 8, 2, 16.29, 13, 83, 0
1776710559, 0, 0, 344, 344, 19, 9.32%, 0, 8, 2, 9.94, 13, 84, 0
1776710569, 0, 0, 344, 344, 19, 9.32%, 0, 9, 2, 0.88, 13, 84, 0
1776710580, 0, 0, 346, 346, 19, 9.32%, 0, 9, 2, 8.27, 13, 84, 0
1776710585, 0, 0, 349, 349, 19, 9.32%, 0, 9, 2, 5.98, 13, 84, 0
1776710591, 0, 0, 349, 349, 19, 9.32%, 0, 10, 2, 0.89, 13, 84, 0
1776710607, 0, 0, 352, 352, 19, 9.32%, 0, 10, 2, 16.24, 13, 84, 0
1776710640, 0, 0, 353, 353, 19, 9.32%, 0, 10, 2, 9.14, 13, 84, 0
1776710646, 0, 0, 353, 353, 19, 9.32%, 0, 11, 2, 0.88, 13, 84, 0
1776710657, 0, 0, 355, 355, 19, 9.32%, 0, 11, 2, 13.26, 13, 84, 0
1776710662, 0, 0, 357, 357, 19, 9.32%, 0, 11, 2, 11.10, 13, 84, 0
1776710667, 0, 0, 359, 359, 19, 9.32%, 0, 12, 2, 1.49, 13, 84, 0
1776710718, 0, 0, 361, 361, 19, 9.32%, 0, 12, 2, 5.75, 13, 84, 0
1776710729, 0, 0, 363, 363, 19, 9.32%, 0, 12, 2, 6.86, 13, 84, 0
1776710734, 0, 0, 363, 363, 19, 9.32%, 0, 13, 2, 5.17, 13, 84, 0
1776710740, 0, 0, 365, 365, 19, 9.32%, 0, 13, 2, 0.91, 13, 84, 0
1776710751, 0, 0, 367, 367, 19, 9.32%, 0, 13, 2, 15.11, 13, 84, 0
1776710761, 0, 0, 368, 368, 19, 9.32%, 0, 13, 2, 7.53, 13, 84, 0
1776710767, 0, 0, 368, 368, 19, 9.32%, 0, 14, 2, 0.88, 13, 84, 0
1776710789, 0, 0, 369, 369, 19, 9.33%, 0, 14, 2, 0.88, 13, 84, 0
1776710834, 0, 0, 371, 371, 19, 9.33%, 0, 14, 2, 8.66, 13, 84, 0
1776710845, 0, 0, 372, 372, 19, 9.33%, 0, 14, 2, 7.02, 13, 84, 0
1776710850, 0, 0, 373, 373, 19, 9.33%, 0, 14, 2, 15.80, 13, 85, 0
1776710855, 0, 0, 376, 376, 19, 9.33%, 0, 14, 2, 14.06, 13, 85, 0
1776710861, 0, 0, 379, 379, 19, 9.33%, 0, 15, 2, 14.22, 13, 85, 0
1776710866, 0, 0, 380, 380, 19, 9.33%, 0, 15, 2, 18.82, 13, 85, 0
1776710871, 0, 0, 383, 383, 19, 9.34%, 0, 15, 2, 17.45, 13, 85, 0
1776710877, 0, 0, 385, 385, 19, 9.34%, 0, 15, 2, 16.33, 13, 85, 0
1776710882, 0, 0, 387, 387, 19, 9.34%, 0, 15, 2, 14.13, 13, 85, 0
1776710887, 0, 0, 390, 390, 19, 9.34%, 0, 15, 2, 11.66, 13, 87, 0
1776710892, 0, 0, 392, 392, 19, 9.36%, 0, 15, 2, 11.00, 13, 87, 0
1776710897, 0, 0, 396, 396, 19, 9.36%, 0, 15, 2, 12.75, 13, 89, 0
1776710902, 0, 0, 397, 397, 19, 9.36%, 0, 15, 2, 14.17, 13, 89, 0
1776710907, 0, 0, 401, 401, 19, 9.37%, 0, 15, 2, 12.69, 13, 90, 0
1776710912, 0, 0, 403, 403, 19, 9.37%, 0, 15, 2, 11.04, 13, 91, 0
1776710918, 0, 0, 407, 407, 19, 9.37%, 0, 15, 2, 13.04, 13, 91, 0
1776710923, 0, 1, 409, 408, 4, 9.38%, 0, 15, 2, 13.66, 13, 92, 0
1776710928, 0, 1, 411, 410, 4, 9.38%, 0, 15, 2, 11.68, 13, 92, 0
1776710933, 0, 1, 413, 412, 4, 9.38%, 0, 15, 2, 12.52, 13, 92, 0
1776710938, 0, 1, 414, 413, 4, 9.38%, 0, 15, 2, 13.27, 13, 92, 0
1776710943, 0, 1, 415, 414, 4, 9.38%, 0, 15, 2, 12.04, 13, 92, 0
1776710948, 0, 1, 418, 417, 4, 9.38%, 0, 15, 2, 11.80, 13, 92, 0
1776710954, 0, 1, 419, 418, 4, 9.38%, 0, 15, 2, 12.26, 13, 92, 0
1776710964, 0, 1, 419, 418, 4, 9.38%, 0, 16, 2, 18.25, 13, 92, 0
1776710975, 0, 1, 421, 420, 4, 9.38%, 0, 17, 2, 2.45, 13, 92, 0
1776711003, 0, 1, 422, 421, 4, 9.38%, 0, 17, 2, 0.88, 13, 92, 0
1776711070, 0, 1, 423, 422, 4, 9.38%, 0, 17, 2, 0.88, 13, 92, 0
1776711081, 0, 1, 423, 422, 4, 9.38%, 0, 18, 2, 0.88, 13, 92, 0
1776711091, 0, 1, 424, 423, 4, 9.38%, 0, 18, 2, 12.22, 13, 92, 0
1776711097, 0, 1, 425, 424, 4, 9.38%, 0, 18, 2, 10.04, 13, 92, 0
1776711152, 0, 1, 426, 424, 6, 9.38%, 0, 18, 2, 16.38, 13, 92, 0
1776711158, 0, 1, 427, 425, 6, 9.38%, 0, 18, 2, 13.00, 13, 92, 0
1776711164, 0, 1, 428, 426, 6, 9.38%, 0, 19, 2, 1.43, 13, 93, 0
1776711186, 0, 1, 429, 427, 6, 9.38%, 0, 19, 2, 13.87, 13, 93, 0
1776711191, 0, 1, 431, 429, 6, 9.38%, 0, 19, 2, 13.52, 13, 94, 0
1776711196, 0, 1, 431, 429, 6, 9.38%, 0, 20, 2, 1.39, 13, 94, 0
1776711241, 0, 1, 432, 430, 6, 9.38%, 0, 20, 2, 12.27, 13, 94, 0
1776711246, 0, 1, 433, 431, 6, 9.38%, 0, 20, 2, 13.22, 13, 94, 0
1776711256, 0, 1, 437, 435, 6, 9.38%, 0, 20, 2, 13.10, 13, 95, 0
1776711261, 0, 1, 438, 436, 6, 9.38%, 0, 20, 2, 11.74, 13, 95, 0
1776711266, 0, 1, 440, 438, 6, 9.38%, 0, 20, 2, 14.06, 13, 95, 0
1776711277, 0, 1, 441, 439, 6, 9.38%, 0, 20, 2, 12.19, 13, 95, 0
1776711321, 0, 1, 443, 441, 6, 9.44%, 0, 20, 2, 13.93, 13, 95, 0
1776711326, 0, 1, 446, 444, 6, 9.44%, 0, 20, 2, 13.80, 13, 95, 0
1776711331, 0, 1, 447, 445, 6, 9.44%, 0, 21, 2, 2.13, 13, 95, 0
1776711376, 0, 1, 448, 446, 6, 9.44%, 0, 21, 2, 12.55, 13, 95, 0
1776711381, 0, 1, 449, 447, 6, 9.44%, 0, 21, 2, 13.14, 13, 95, 0
1776711386, 0, 1, 450, 448, 6, 9.44%, 0, 21, 2, 12.98, 13, 96, 0
1776711397, 0, 1, 451, 449, 6, 9.44%, 0, 22, 2, 12.48, 13, 97, 0
1776711407, 0, 1, 453, 451, 6, 9.45%, 0, 22, 2, 11.16, 13, 97, 0
1776711451, 0, 1, 455, 453, 6, 9.45%, 0, 22, 2, 12.76, 13, 97, 0
1776711456, 0, 1, 457, 455, 6, 9.45%, 0, 22, 2, 13.07, 13, 97, 0
1776711461, 0, 1, 458, 456, 6, 9.45%, 0, 22, 2, 13.86, 13, 97, 0
1776711466, 0, 1, 460, 458, 6, 9.45%, 0, 22, 2, 12.43, 13, 97, 0
1776711477, 0, 1, 460, 458, 6, 9.45%, 0, 23, 2, 1.39, 13, 97, 0
1776711487, 0, 1, 461, 459, 6, 9.45%, 0, 23, 2, 13.61, 13, 97, 0
1776711497, 0, 1, 461, 459, 6, 9.45%, 0, 24, 2, 1.92, 13, 97, 0
1776711507, 0, 1, 462, 460, 6, 9.45%, 0, 24, 2, 12.06, 13, 97, 0
1776711512, 0, 1, 464, 462, 6, 9.45%, 0, 24, 2, 11.94, 13, 99, 0
1776711517, 0, 1, 466, 464, 6, 9.45%, 0, 24, 2, 10.92, 13, 99, 0
1776711523, 0, 1, 467, 465, 6, 9.45%, 0, 24, 2, 11.72, 13, 99, 0
1776711528, 0, 1, 470, 468, 6, 9.45%, 0, 24, 2, 10.22, 13, 100, 0
1776711538, 0, 1, 471, 469, 6, 9.45%, 0, 24, 2, 10.18, 13, 101, 0
1776711543, 0, 1, 472, 470, 6, 9.45%, 0, 24, 2, 11.52, 13, 101, 0
1776711615, 0, 1, 473, 471, 6, 9.48%, 0, 24, 2, 11.47, 13, 101, 0
1776711621, 0, 1, 474, 472, 6, 9.48%, 0, 25, 2, 11.27, 13, 101, 0
1776711638, 0, 1, 475, 473, 6, 9.48%, 0, 25, 2, 10.98, 13, 102, 0
1776711643, 0, 1, 477, 475, 6, 9.48%, 0, 25, 2, 10.05, 13, 102, 0
1776711661, 0, 1, 477, 475, 6, 9.48%, 0, 26, 2, 0.88, 13, 102, 0
1776711672, 0, 1, 478, 476, 6, 9.48%, 0, 26, 2, 0.89, 13, 102, 0
1776711727, 0, 1, 479, 477, 2, 9.49%, 0, 26, 2, 12.09, 13, 103, 0
1776711732, 0, 1, 480, 478, 2, 9.49%, 0, 26, 2, 10.81, 13, 103, 0
1776711737, 0, 1, 481, 479, 2, 9.49%, 0, 26, 2, 10.90, 13, 103, 0
1776711742, 0, 1, 482, 480, 2, 9.49%, 0, 26, 2, 11.26, 13, 104, 0
1776711774, 0, 3, 484, 482, 3, 9.59%, 0, 27, 2, 2.17, 13, 104, 0
1776711785, 0, 3, 485, 483, 3, 9.59%, 0, 27, 2, 15.96, 13, 104, 0
1776711790, 0, 3, 488, 486, 3, 9.59%, 0, 27, 2, 13.61, 13, 104, 0
1776711795, 0, 3, 491, 489, 3, 9.59%, 0, 27, 2, 12.52, 13, 104, 0
1776711800, 0, 3, 492, 490, 3, 9.59%, 0, 27, 2, 13.00, 13, 104, 0
1776711805, 0, 3, 495, 493, 3, 9.59%, 0, 27, 2, 13.35, 13, 104, 0
1776711838, 0, 3, 496, 494, 3, 9.59%, 0, 27, 2, 13.10, 13, 104, 0
1776711843, 0, 3, 497, 495, 3, 9.59%, 0, 27, 2, 13.97, 13, 104, 0
1776711848, 0, 3, 498, 496, 3, 9.59%, 0, 27, 2, 0.91, 13, 104, 0
1776711864, 0, 3, 499, 497, 3, 9.59%, 0, 27, 2, 0.89, 13, 104, 0
1776711881, 0, 3, 501, 499, 3, 9.59%, 0, 27, 2, 14.35, 13, 106, 0
1776711886, 0, 3, 501, 499, 3, 9.59%, 0, 28, 2, 14.38, 13, 106, 0
1776711913, 0, 3, 502, 500, 3, 9.59%, 0, 28, 2, 11.47, 13, 106, 0
1776711924, 0, 3, 504, 502, 3, 9.59%, 0, 28, 2, 0.88, 13, 106, 0
1776711935, 0, 3, 505, 503, 3, 9.59%, 0, 28, 2, 13.58, 13, 106, 0
1776711974, 0, 3, 506, 504, 3, 9.61%, 0, 29, 2, 0.88, 13, 106, 0
1776711995, 0, 3, 508, 506, 3, 9.63%, 0, 29, 2, 11.79, 13, 106, 0
1776712000, 0, 3, 509, 507, 3, 9.63%, 0, 29, 2, 11.88, 13, 106, 0
1776712005, 0, 6, 509, 506, 1, 9.63%, 0, 29, 2, 12.79, 13, 106, 0
1776712015, 0, 6, 511, 508, 1, 9.63%, 0, 29, 2, 10.50, 13, 106, 0
1776712037, 0, 6, 513, 510, 1, 9.64%, 0, 29, 2, 13.30, 13, 106, 0
1776712058, 0, 6, 514, 511, 1, 9.64%, 0, 29, 2, 12.29, 13, 106, 0
1776712064, 0, 242, 515, 511, 0, 9.64%, 0, 29, 3, 11.28, 13, 106, 0
1776712069, 0, 242, 516, 512, 0, 9.64%, 0, 29, 3, 11.92, 13, 106, 0
1776712074, 0, 242, 517, 513, 0, 9.64%, 0, 29, 3, 11.22, 13, 106, 0
1776712079, 0, 242, 519, 515, 0, 9.64%, 0, 29, 3, 9.44, 13, 106, 0
1776712084, 0, 242, 520, 516, 0, 9.64%, 0, 29, 3, 9.74, 13, 106, 0
1776712151, 0, 242, 521, 517, 0, 9.64%, 0, 29, 3, 10.28, 13, 106, 0
1776712230, 0, 242, 522, 518, 0, 9.64%, 0, 29, 3, 7.66, 13, 107, 0
1776712235, 0, 242, 524, 520, 0, 9.64%, 0, 29, 3, 9.63, 13, 107, 0
1776712266, 0, 242, 525, 521, 0, 9.64%, 0, 29, 3, 7.68, 13, 107, 0
1776712289, 0, 242, 526, 522, 0, 9.64%, 0, 30, 3, 2.02, 13, 107, 0
1776712390, 1, 66, 526, 521, 1, 9.64%, 0, 31, 3, 11.68, 13, 107, 0
1776712395, 1, 66, 528, 523, 1, 9.64%, 0, 31, 3, 10.04, 13, 108, 0
1776712406, 1, 66, 530, 525, 1, 9.64%, 0, 31, 3, 11.45, 13, 108, 0
1776712411, 1, 66, 532, 527, 1, 9.64%, 0, 31, 3, 11.57, 13, 109, 0
1776712416, 1, 66, 532, 527, 1, 9.64%, 0, 32, 3, 1.94, 13, 109, 0
1776712426, 1, 66, 534, 529, 1, 9.64%, 0, 32, 3, 12.25, 13, 110, 0
1776712437, 1, 66, 535, 530, 1, 9.64%, 0, 32, 3, 12.53, 13, 110, 0
1776712442, 1, 66, 536, 531, 1, 9.64%, 0, 32, 3, 11.89, 13, 110, 0
1776712447, 1, 66, 537, 532, 1, 9.64%, 0, 32, 3, 12.70, 13, 110, 0
1776712457, 1, 66, 538, 533, 1, 9.64%, 0, 32, 3, 12.56, 13, 110, 0
1776712477, 1, 272, 538, 532, 3, 9.64%, 0, 32, 3, 0.89, 13, 110, 0
1776712533, 1, 272, 539, 533, 3, 9.64%, 0, 32, 3, 13.48, 13, 110, 0
1776712550, 1, 272, 540, 534, 3, 9.64%, 0, 32, 3, 12.84, 13, 110, 0
1776712555, 1, 272, 541, 535, 3, 9.64%, 0, 32, 3, 13.35, 13, 110, 0
1776712582, 1, 527, 541, 534, 1, 9.64%, 0, 32, 3, 0.88, 13, 110, 0
1776712608, 1, 527, 542, 535, 1, 9.64%, 0, 32, 3, 9.62, 13, 111, 0
1776712613, 1, 527, 543, 536, 1, 9.64%, 0, 32, 3, 9.96, 13, 111, 0
1776712623, 2, 193, 543, 535, 0, 9.64%, 0, 32, 3, 0.89, 13, 111, 0
1776712634, 2, 193, 544, 536, 0, 9.64%, 0, 32, 3, 9.98, 13, 111, 0
1776712639, 2, 193, 546, 538, 0, 9.65%, 0, 32, 3, 9.89, 13, 111, 0
1776712645, 2, 193, 547, 539, 0, 9.65%, 0, 32, 3, 8.58, 13, 111, 0
1776712677, 2, 193, 549, 541, 0, 9.65%, 0, 32, 3, 9.60, 13, 111, 0
1776712698, 2, 193, 550, 542, 0, 9.66%, 0, 32, 3, 9.48, 13, 111, 0
1776712703, 2, 193, 551, 543, 0, 9.66%, 0, 32, 3, 9.74, 13, 111, 0
1776712708, 2, 193, 553, 545, 0, 9.66%, 0, 32, 3, 9.79, 13, 111, 0
1776712729, 2, 193, 554, 546, 0, 9.66%, 0, 32, 3, 9.75, 13, 111, 0
1776712756, 2, 193, 555, 547, 0, 9.66%, 0, 32, 3, 10.98, 13, 111, 0
1776712762, 2, 193, 556, 548, 0, 9.66%, 0, 32, 3, 0.89, 13, 111, 0
1776712767, 2, 193, 557, 549, 0, 9.66%, 0, 32, 3, 9.95, 13, 113, 0
1776712821, 2, 193, 558, 550, 0, 9.66%, 0, 32, 3, 9.65, 13, 113, 0
1776712826, 2, 407, 560, 551, 4, 9.66%, 0, 32, 3, 9.55, 13, 113, 0
1776712837, 2, 407, 561, 552, 4, 9.66%, 0, 32, 3, 9.84, 13, 113, 0
1776712864, 2, 407, 562, 553, 4, 9.66%, 0, 32, 3, 9.60, 13, 113, 0
1776712903, 3, 192, 562, 552, 0, 9.66%, 0, 32, 3, 15.32, 13, 113, 0
1776712908, 3, 192, 563, 553, 0, 9.66%, 0, 32, 3, 12.97, 13, 114, 0
1776713002, 3, 192, 565, 555, 0, 9.66%, 0, 32, 3, 12.13, 13, 115, 0
1776713031, 4, 1, 565, 554, 12, 9.66%, 0, 32, 3, 0.88, 13, 115, 0
1776713086, 4, 1, 566, 555, 12, 9.66%, 0, 32, 3, 10.29, 13, 115, 0
1776713124, 4, 1, 567, 556, 12, 9.66%, 0, 32, 3, 0.89, 13, 115, 0
1776713135, 4, 1, 568, 557, 12, 9.66%, 0, 32, 3, 10.37, 13, 115, 0
1776713140, 4, 1, 571, 560, 12, 9.66%, 0, 32, 3, 10.52, 13, 115, 0
1776713145, 4, 1, 572, 561, 12, 9.66%, 0, 32, 3, 10.06, 13, 115, 0
1776713155, 4, 1, 573, 562, 12, 9.66%, 0, 32, 3, 10.72, 13, 115, 0
1776713181, 4, 1, 574, 563, 12, 9.66%, 0, 32, 3, 10.05, 13, 115, 0
1776713220, 4, 1, 574, 563, 1, 9.66%, 0, 32, 3, 0.89, 13, 115, 0
1776713230, 4, 1, 575, 564, 1, 9.66%, 0, 32, 3, 10.77, 13, 115, 0
1776713235, 4, 1, 576, 565, 1, 9.67%, 0, 32, 3, 11.40, 13, 115, 0
1776713245, 4, 1, 577, 566, 1, 9.67%, 0, 32, 3, 10.60, 13, 115, 0
1776713251, 4, 1, 578, 567, 1, 9.67%, 0, 32, 3, 0.89, 13, 115, 0
1776713262, 4, 1, 579, 568, 1, 9.67%, 0, 32, 3, 12.80, 13, 115, 0
1776713268, 4, 1, 580, 569, 1, 9.67%, 0, 32, 3, 0.89, 13, 116, 0
1776713279, 4, 2, 580, 569, 5, 9.67%, 0, 32, 3, 15.79, 13, 116, 0
1776713284, 4, 2, 582, 571, 5, 9.67%, 0, 32, 3, 11.93, 13, 116, 0
1776713289, 4, 2, 586, 575, 5, 9.68%, 0, 32, 3, 10.74, 13, 116, 0
1776713294, 4, 2, 588, 577, 5, 9.69%, 0, 32, 3, 10.70, 13, 116, 0
1776713299, 4, 2, 590, 579, 5, 9.69%, 0, 32, 3, 11.60, 13, 116, 0
1776713305, 4, 2, 591, 580, 5, 9.73%, 0, 32, 3, 10.82, 13, 116, 0
1776713310, 4, 2, 594, 583, 5, 9.73%, 0, 32, 3, 10.72, 13, 116, 0
1776713315, 4, 2, 596, 585, 5, 9.73%, 0, 32, 3, 13.15, 13, 116, 0
1776713320, 4, 2, 597, 586, 5, 9.75%, 0, 32, 3, 11.37, 13, 116, 0
1776713325, 4, 2, 598, 587, 5, 9.75%, 0, 32, 3, 11.32, 13, 116, 0
1776713330, 4, 2, 600, 589, 5, 9.76%, 0, 32, 3, 10.58, 13, 116, 0
1776713336, 4, 2, 602, 591, 5, 9.77%, 0, 32, 3, 10.05, 13, 116, 0
1776713346, 4, 2, 603, 592, 5, 9.77%, 0, 32, 3, 10.80, 13, 116, 0
1776713362, 4, 2, 604, 593, 5, 9.77%, 0, 32, 3, 12.28, 13, 116, 0
1776713372, 5, 1, 604, 592, 7, 9.77%, 0, 32, 3, 13.81, 13, 116, 0
1776713377, 5, 1, 605, 593, 7, 9.77%, 0, 32, 3, 13.52, 13, 116, 0
1776713404, 5, 2, 605, 593, 7, 9.77%, 0, 32, 3, 14.82, 13, 116, 0
1776713410, 5, 2, 608, 596, 7, 9.79%, 0, 33, 3, 11.51, 13, 116, 0
1776713426, 5, 2, 609, 597, 7, 9.79%, 0, 33, 3, 13.83, 13, 116, 0
1776713437, 5, 2, 610, 598, 7, 9.79%, 0, 33, 3, 13.23, 13, 116, 0
1776713442, 5, 2, 612, 600, 7, 9.79%, 0, 33, 3, 13.41, 13, 116, 0
1776713458, 5, 2, 613, 601, 7, 9.79%, 0, 33, 3, 12.77, 13, 116, 0
1776713484, 5, 2, 614, 602, 7, 9.79%, 0, 33, 3, 13.94, 13, 116, 0
1776713490, 5, 2, 615, 603, 7, 9.79%, 0, 33, 3, 11.53, 13, 116, 0
1776713500, 5, 2, 617, 605, 7, 9.79%, 0, 33, 3, 13.82, 13, 116, 0
1776713651, 5, 2, 617, 605, 4, 9.79%, 0, 33, 3, 0.88, 13, 116, 0
1776713728, 5, 2, 618, 606, 4, 9.79%, 0, 33, 3, 9.04, 13, 116, 0
1776713733, 6, 18, 618, 606, 0, 9.79%, 0, 33, 3, 0.89, 13, 116, 0
1776713963, 6, 298, 618, 605, 0, 9.79%, 0, 33, 3, 6.09, 13, 116, 0
1776713990, 6, 298, 619, 606, 0, 9.79%, 0, 33, 3, 7.71, 13, 116, 0
1776713995, 6, 298, 619, 606, 0, 9.79%, 0, 34, 3, 6.59, 13, 116, 0
1776714050, 6, 298, 619, 606, 0, 9.79%, 0, 35, 3, 0.89, 13, 116, 0
1776714077, 6, 529, 619, 605, 0, 9.79%, 0, 35, 3, 0.89, 13, 116, 0
1776714099, 6, 529, 620, 606, 0, 9.79%, 0, 35, 3, 9.36, 13, 116, 0
1776714115, 6, 529, 621, 607, 0, 9.79%, 0, 35, 3, 7.85, 13, 116, 0
1776714120, 6, 529, 622, 608, 0, 9.79%, 0, 35, 3, 8.64, 13, 116, 0
1776714136, 7, 308, 622, 607, 0, 9.79%, 0, 35, 3, 0.89, 13, 116, 0
1776714270, 7, 308, 622, 607, 0, 9.79%, 0, 36, 3, 0.89, 13, 116, 0
1776714353, 7, 532, 622, 606, 0, 9.79%, 0, 36, 3, 7.28, 13, 116, 0
1776714359, 7, 532, 623, 607, 0, 9.79%, 0, 36, 3, 11.27, 13, 116, 0
1776714364, 7, 532, 624, 608, 0, 9.79%, 0, 36, 3, 11.78, 13, 116, 0
1776714389, 8, 544, 624, 607, 4, 9.79%, 0, 36, 3, 10.07, 13, 116, 0
1776714489, 10, 2, 624, 606, 3, 9.79%, 0, 36, 3, 0.03, 13, 116, 1
1776714494, 10, 2, 625, 607, 3, 9.79%, 0, 36, 3, 11.91, 13, 116, 1
1776714499, 10, 2, 627, 609, 3, 9.79%, 0, 36, 3, 9.66, 13, 116, 1
1776714505, 10, 2, 629, 611, 3, 9.79%, 0, 36, 3, 8.07, 13, 116, 1
1776714515, 10, 2, 632, 614, 3, 9.79%, 0, 36, 3, 8.20, 13, 116, 1
1776714530, 10, 2, 633, 615, 3, 9.79%, 0, 36, 3, 10.61, 13, 116, 1
1776714535, 10, 2, 634, 616, 3, 9.79%, 0, 36, 3, 10.48, 13, 116, 1
1776714545, 10, 2, 635, 617, 3, 9.79%, 0, 36, 3, 9.88, 13, 116, 1
1776714550, 10, 2, 636, 618, 3, 9.79%, 0, 36, 3, 8.92, 13, 116, 1
1776714565, 10, 2, 638, 620, 3, 9.79%, 0, 36, 3, 9.73, 13, 116, 1
1776714571, 10, 2, 639, 621, 3, 9.79%, 0, 36, 3, 8.78, 13, 116, 1
1776714581, 10, 2, 640, 622, 3, 9.79%, 0, 36, 3, 8.29, 13, 116, 1
1776714586, 10, 2, 641, 623, 3, 9.79%, 0, 36, 3, 8.35, 13, 116, 1
1776714591, 10, 2, 643, 625, 3, 9.79%, 0, 36, 3, 7.44, 13, 116, 1
1776714623, 10, 2, 644, 626, 3, 9.79%, 0, 36, 3, 9.71, 13, 116, 1
1776714628, 10, 2, 646, 628, 3, 9.79%, 0, 36, 3, 11.15, 13, 116, 1
1776714655, 10, 2, 647, 629, 3, 9.79%, 0, 36, 3, 6.63, 13, 116, 1
1776714722, 10, 2, 649, 631, 3, 9.79%, 0, 36, 3, 9.63, 13, 116, 1
1776714732, 10, 2, 651, 633, 3, 9.79%, 0, 36, 3, 7.84, 13, 116, 1
1776714766, 10, 3, 651, 633, 4, 9.79%, 0, 36, 3, 15.95, 13, 116, 1
1776714772, 10, 3, 652, 634, 4, 9.79%, 0, 36, 3, 0.88, 13, 116, 1
1776714787, 10, 3, 653, 635, 4, 9.79%, 0, 36, 3, 10.36, 13, 116, 1
1776714792, 10, 3, 654, 636, 4, 9.79%, 0, 36, 3, 9.02, 13, 116, 1
1776714819, 10, 3, 654, 636, 11, 9.79%, 0, 36, 3, 12.17, 13, 116, 1
1776714850, 11, 2, 654, 636, 11, 9.79%, 0, 36, 3, 15.09, 13, 116, 1
1776714914, 11, 3, 654, 636, 11, 9.79%, 0, 36, 3, 0.05, 13, 116, 2
1776714919, 11, 3, 655, 637, 11, 9.79%, 0, 36, 3, 12.37, 13, 116, 2
1776714968, 11, 8, 656, 638, 5, 9.79%, 0, 36, 3, 12.07, 13, 116, 2
1776714973, 11, 8, 658, 640, 5, 9.79%, 0, 36, 3, 10.42, 13, 116, 2
1776715004, 11, 8, 659, 641, 5, 9.79%, 0, 36, 3, 11.87, 13, 116, 2
1776715015, 11, 378, 659, 640, 0, 9.79%, 0, 36, 3, 0.89, 13, 116, 2
1776715205, 12, 18, 659, 639, 0, 9.79%, 0, 36, 3, 0.89, 13, 116, 2
1776715443, 12, 313, 659, 639, 0, 9.79%, 0, 36, 3, 0.03, 13, 116, 3
1776715516, 12, 313, 660, 640, 0, 9.79%, 0, 36, 3, 0.89, 13, 116, 3
1776715627, 12, 533, 660, 639, 0, 9.79%, 0, 36, 3, 8.52, 13, 116, 3
1776715681, 12, 533, 661, 640, 0, 9.79%, 0, 36, 3, 10.77, 13, 117, 3
1776715692, 13, 521, 661, 639, 3, 9.79%, 0, 36, 3, 0.89, 13, 117, 3
1776715697, 13, 521, 662, 640, 3, 9.79%, 0, 36, 4, 4.89, 13, 117, 3
1776715858, 13, 623, 662, 639, 2, 9.79%, 0, 36, 4, 0.89, 13, 117, 3
1776715944, 14, 549, 662, 638, 1, 9.79%, 0, 36, 4, 0.06, 13, 117, 4
1776715949, 14, 549, 663, 639, 1, 9.79%, 0, 36, 4, 6.78, 13, 117, 4
1776715981, 14, 549, 664, 640, 1, 9.79%, 0, 36, 4, 8.74, 13, 117, 4
1776716035, 14, 549, 665, 641, 1, 9.79%, 0, 36, 4, 6.51, 13, 117, 4
1776716041, 14, 549, 666, 642, 1, 9.79%, 0, 36, 4, 6.78, 13, 117, 4
1776716051, 14, 549, 667, 643, 1, 9.79%, 0, 36, 4, 6.09, 13, 117, 4
1776716066, 14, 549, 668, 644, 1, 9.79%, 0, 36, 4, 6.87, 13, 117, 4
1776716077, 14, 549, 669, 645, 1, 9.79%, 0, 36, 4, 6.42, 13, 117, 4
1776716082, 14, 553, 669, 644, 5, 9.79%, 0, 36, 4, 7.34, 13, 117, 4
1776716136, 14, 553, 672, 647, 5, 9.79%, 0, 36, 4, 7.97, 13, 118, 4
1776716178, 15, 327, 672, 646, 1, 9.79%, 0, 36, 4, 9.35, 13, 118, 4
1776716227, 16, 3, 673, 646, 1, 9.79%, 0, 36, 4, 10.26, 13, 119, 4
1776716254, 16, 3, 674, 647, 1, 9.79%, 0, 36, 4, 11.14, 13, 119, 4
1776716332, 16, 4, 675, 648, 1, 9.79%, 0, 36, 4, 15.05, 13, 119, 4
1776716348, 16, 4, 676, 649, 1, 9.79%, 0, 36, 4, 10.17, 13, 119, 4
1776716358, 16, 4, 677, 650, 1, 9.79%, 0, 36, 4, 0.89, 13, 119, 4
1776716374, 16, 4, 678, 651, 1, 9.79%, 0, 36, 4, 9.91, 13, 119, 4
1776716402, 16, 5, 678, 650, 11, 9.79%, 0, 36, 4, 0.89, 13, 119, 4
1776716407, 16, 5, 679, 651, 11, 9.79%, 0, 36, 4, 18.04, 13, 120, 4
1776716450, 17, 2, 680, 651, 10, 9.79%, 0, 36, 4, 16.08, 13, 120, 4
1776716460, 17, 2, 681, 652, 10, 9.79%, 0, 36, 4, 13.94, 13, 120, 4
1776716465, 17, 2, 682, 653, 10, 9.79%, 0, 36, 4, 12.62, 13, 120, 4
1776716470, 17, 17, 682, 653, 4, 9.79%, 0, 36, 4, 15.51, 13, 120, 4
1776716502, 17, 17, 683, 654, 4, 9.79%, 0, 36, 4, 8.71, 13, 120, 4
1776716546, 17, 406, 684, 654, 0, 9.79%, 0, 36, 4, 9.69, 13, 120, 4
1776716598, 18, 29, 684, 653, 0, 9.79%, 0, 36, 4, 11.48, 13, 120, 4
1776716648, 18, 523, 684, 652, 0, 9.79%, 0, 36, 4, 9.03, 13, 120, 5
1776716658, 18, 523, 685, 653, 0, 9.79%, 0, 36, 4, 7.22, 13, 120, 5
1776716734, 18, 526, 685, 652, 0, 9.79%, 0, 36, 4, 0.89, 13, 120, 5
1776716782, 19, 525, 685, 651, 0, 9.79%, 0, 36, 4, 7.84, 13, 120, 5
1776716832, 19, 525, 686, 652, 0, 9.79%, 0, 36, 4, 8.65, 13, 120, 5
1776716859, 19, 528, 686, 651, 0, 9.79%, 0, 36, 4, 11.09, 13, 120, 5
1776716865, 19, 528, 687, 652, 0, 9.79%, 0, 36, 4, 8.03, 13, 121, 5
1776716895, 19, 528, 688, 653, 0, 9.79%, 0, 36, 4, 9.66, 13, 121, 5
1776716900, 19, 556, 688, 652, 4, 9.79%, 0, 36, 4, 9.45, 13, 121, 5
1776716916, 19, 556, 689, 653, 4, 9.79%, 0, 36, 4, 7.63, 13, 121, 5
1776716983, 19, 556, 690, 654, 4, 9.79%, 0, 36, 4, 5.56, 13, 121, 5
1776716993, 19, 556, 691, 655, 4, 9.79%, 0, 36, 4, 5.36, 13, 121, 5
1776716999, 19, 556, 692, 656, 4, 9.79%, 0, 36, 4, 5.94, 13, 121, 5
1776717075, 19, 556, 693, 657, 4, 9.79%, 0, 36, 4, 7.67, 13, 121, 5
1776717086, 19, 564, 693, 656, 5, 9.79%, 0, 36, 4, 7.17, 13, 121, 5
1776717091, 19, 564, 694, 657, 5, 9.79%, 0, 36, 4, 6.01, 13, 121, 5
1776717106, 19, 564, 695, 658, 5, 9.80%, 0, 36, 4, 6.32, 13, 121, 5
1776717134, 19, 564, 696, 659, 5, 9.80%, 0, 36, 4, 8.36, 13, 121, 5
1776717177, 20, 4, 696, 658, 12, 9.80%, 0, 36, 4, 0.88, 13, 121, 5
1776717188, 20, 4, 697, 659, 12, 9.80%, 0, 36, 4, 13.30, 13, 121, 5
1776717198, 20, 4, 698, 660, 12, 9.80%, 0, 36, 4, 10.22, 13, 121, 5
1776717203, 20, 4, 699, 661, 12, 9.80%, 0, 36, 4, 9.14, 13, 121, 5
1776717214, 20, 4, 700, 662, 12, 9.80%, 0, 36, 4, 9.51, 13, 121, 5
1776717220, 20, 4, 701, 663, 12, 9.80%, 0, 36, 4, 10.75, 13, 121, 5
1776717225, 20, 4, 703, 665, 12, 9.80%, 0, 36, 4, 9.64, 13, 121, 5
1776717246, 20, 4, 705, 667, 12, 9.80%, 0, 36, 4, 11.51, 13, 121, 5
1776717267, 20, 8, 705, 667, 5, 9.80%, 0, 36, 4, 10.70, 13, 121, 5
1776717284, 20, 8, 706, 668, 5, 9.80%, 0, 36, 4, 10.91, 13, 121, 5
1776717305, 20, 8, 707, 669, 5, 9.80%, 0, 36, 4, 10.53, 13, 121, 5
1776717310, 21, 6, 707, 669, 9, 9.80%, 0, 36, 4, 12.19, 13, 121, 5
1776717320, 21, 6, 708, 670, 9, 9.81%, 0, 36, 4, 13.58, 13, 121, 5
1776717330, 22, 3, 709, 671, 4, 9.81%, 0, 36, 4, 13.78, 13, 121, 5
1776717402, 22, 3, 710, 672, 4, 9.81%, 0, 36, 4, 10.18, 13, 121, 5
1776717412, 22, 6, 710, 672, 4, 9.81%, 0, 36, 4, 13.61, 13, 121, 5
1776717448, 22, 38, 710, 672, 4, 9.81%, 0, 36, 4, 10.96, 13, 121, 5
1776717596, 22, 442, 710, 671, 3, 9.81%, 0, 36, 4, 0.03, 13, 121, 6
1776717612, 22, 442, 712, 673, 3, 9.81%, 0, 36, 4, 11.53, 13, 121, 6
1776717660, 23, 538, 713, 673, 2, 9.81%, 0, 36, 4, 9.69, 13, 121, 6
1776717704, 23, 538, 714, 674, 2, 9.81%, 0, 36, 4, 7.04, 13, 121, 6
1776717715, 23, 538, 715, 675, 2, 9.81%, 0, 36, 4, 7.53, 13, 121, 6
1776717861, 24, 530, 715, 674, 0, 9.81%, 0, 36, 4, 7.87, 13, 121, 6
1776717983, 24, 538, 715, 673, 0, 9.81%, 0, 36, 4, 7.44, 13, 121, 6
1776717993, 24, 538, 716, 674, 0, 9.81%, 0, 36, 4, 7.40, 13, 121, 6
1776718014, 24, 538, 718, 676, 0, 9.81%, 0, 36, 4, 7.51, 13, 123, 6
1776718019, 24, 538, 719, 677, 0, 9.81%, 0, 36, 4, 7.39, 13, 123, 6
1776718024, 24, 538, 719, 677, 0, 9.81%, 0, 37, 4, 0.90, 13, 123, 6
1776718084, 25, 531, 719, 677, 0, 9.81%, 0, 37, 4, 7.11, 13, 123, 6
1776718131, 25, 591, 720, 677, 0, 9.81%, 0, 37, 4, 7.55, 13, 123, 6
1776718222, 25, 651, 720, 676, 5, 9.81%, 0, 37, 4, 0.88, 13, 123, 6
1776718278, 25, 651, 721, 677, 5, 9.81%, 0, 37, 4, 4.94, 13, 123, 6
1776718290, 25, 651, 722, 678, 5, 9.81%, 0, 37, 4, 0.89, 13, 123, 6
1776718690, 25, 694, 722, 677, 1, 9.81%, 0, 37, 4, 0.89, 13, 123, 6
1776718823, 25, 694, 722, 677, 1, 9.81%, 0, 38, 4, 0.88, 13, 123, 6
1776718861, 25, 694, 723, 678, 1, 9.81%, 0, 38, 5, 6.79, 13, 123, 6
1776718981, 26, 482, 723, 677, 0, 9.81%, 0, 38, 5, 6.87, 13, 123, 6
1776718986, 26, 482, 724, 678, 0, 9.81%, 0, 38, 5, 11.85, 13, 123, 6
1776719007, 27, 13, 724, 677, 0, 9.81%, 0, 38, 5, 12.05, 13, 123, 6
1776719040, 27, 13, 725, 678, 0, 9.81%, 0, 38, 5, 10.34, 13, 123, 6
1776719045, 27, 13, 726, 679, 0, 9.81%, 0, 38, 5, 6.95, 13, 123, 6
1776719060, 27, 13, 727, 680, 0, 9.81%, 0, 38, 5, 13.13, 13, 123, 6
1776719065, 27, 539, 727, 679, 0, 9.81%, 0, 38, 5, 12.78, 13, 123, 6
1776719081, 27, 539, 728, 680, 0, 9.81%, 0, 38, 5, 0.89, 13, 123, 6
1776719103, 27, 539, 729, 681, 0, 9.81%, 0, 38, 5, 9.57, 13, 123, 6
1776719113, 27, 539, 731, 683, 0, 9.81%, 0, 38, 5, 9.01, 13, 123, 6
1776719124, 27, 539, 732, 684, 0, 9.81%, 0, 38, 5, 9.70, 13, 123, 6
1776719191, 27, 539, 733, 685, 0, 9.81%, 0, 38, 5, 8.67, 13, 123, 6
1776719197, 28, 8, 733, 684, 6, 9.81%, 0, 38, 5, 0.89, 13, 123, 6
1776719217, 28, 8, 735, 686, 6, 9.81%, 0, 38, 5, 10.49, 13, 123, 6
1776719223, 28, 689, 735, 686, 6, 9.81%, 0, 38, 5, 10.49, 13, 123, 6
1776719312, 28, 722, 735, 685, 5, 9.81%, 0, 38, 5, 5.21, 13, 123, 6
1776719525, 29, 14, 735, 684, 5, 9.81%, 0, 38, 5, 9.95, 13, 123, 6
1776719535, 29, 14, 736, 685, 5, 9.83%, 0, 38, 5, 10.31, 13, 123, 6
1776719562, 29, 14, 737, 686, 5, 9.83%, 0, 38, 5, 12.32, 13, 123, 6
1776719567, 29, 14, 738, 687, 5, 9.83%, 0, 38, 5, 0.88, 13, 123, 6
1776719589, 29, 17, 738, 686, 7, 9.83%, 0, 38, 5, 9.34, 13, 123, 6
1776719599, 29, 17, 739, 687, 7, 9.83%, 0, 38, 5, 11.16, 13, 123, 6
1776719604, 29, 17, 740, 688, 7, 9.83%, 0, 38, 5, 9.89, 13, 123, 6
1776719631, 29, 17, 740, 688, 15, 9.83%, 0, 38, 5, 11.84, 13, 123, 6
1776719636, 29, 17, 741, 689, 15, 9.83%, 0, 38, 5, 11.27, 13, 123, 6
1776719681, 29, 17, 742, 690, 15, 9.83%, 0, 38, 5, 0.89, 13, 123, 6
1776719697, 29, 17, 743, 691, 15, 9.83%, 0, 38, 5, 8.27, 13, 123, 6
1776719702, 30, 8, 743, 691, 4, 9.83%, 0, 38, 5, 11.91, 13, 123, 6
1776719713, 30, 8, 744, 692, 4, 9.83%, 0, 38, 5, 11.14, 13, 123, 6
1776719723, 30, 8, 745, 693, 4, 9.83%, 0, 38, 5, 11.26, 13, 123, 6
1776719733, 30, 24, 745, 693, 4, 9.83%, 0, 38, 5, 0.88, 13, 123, 6
1776719765, 30, 24, 746, 694, 4, 9.83%, 0, 38, 5, 11.68, 13, 123, 6
1776719770, 30, 24, 748, 696, 4, 9.83%, 0, 38, 5, 14.72, 13, 123, 6
1776719781, 30, 24, 749, 697, 4, 9.83%, 0, 38, 5, 13.11, 13, 123, 6
1776719786, 30, 27, 749, 696, 18, 9.83%, 0, 38, 5, 0.88, 13, 123, 6
1776719978, 31, 14, 750, 696, 17, 9.84%, 0, 38, 5, 9.52, 13, 123, 6
1776719993, 31, 14, 751, 697, 17, 9.84%, 0, 38, 5, 12.38, 13, 123, 6
1776719998, 31, 14, 752, 698, 17, 9.84%, 0, 38, 5, 11.89, 13, 123, 6
1776720032, 31, 14, 753, 699, 17, 9.84%, 0, 38, 5, 13.15, 13, 123, 6
1776720037, 31, 28, 753, 699, 3, 9.84%, 0, 38, 5, 14.79, 13, 123, 6
1776720070, 31, 655, 753, 698, 2, 9.84%, 0, 38, 5, 15.20, 13, 123, 6
1776720111, 32, 38, 753, 697, 1, 9.84%, 0, 38, 5, 8.16, 13, 123, 6
1776720150, 32, 38, 754, 698, 1, 9.84%, 0, 38, 5, 0.89, 13, 123, 6
1776720232, 33, 17, 754, 698, 1, 9.84%, 0, 38, 5, 0.89, 13, 123, 6
1776720237, 33, 17, 755, 699, 1, 9.84%, 0, 38, 5, 14.32, 13, 125, 6
1776720253, 33, 17, 756, 700, 1, 9.84%, 0, 38, 5, 12.15, 13, 125, 6
1776720302, 33, 47, 756, 700, 1, 9.84%, 0, 38, 5, 12.85, 13, 125, 6
1776720334, 33, 529, 756, 699, 0, 9.84%, 0, 38, 5, 8.69, 13, 125, 6
1776720355, 33, 529, 757, 700, 0, 9.84%, 0, 38, 5, 8.75, 13, 125, 6
1776720366, 33, 529, 759, 702, 0, 9.84%, 0, 38, 5, 8.78, 13, 125, 6
1776720392, 34, 41, 759, 702, 18, 9.84%, 0, 38, 5, 0.89, 13, 125, 6
1776720403, 34, 41, 760, 703, 18, 9.84%, 0, 38, 5, 11.95, 13, 125, 6
1776720413, 34, 41, 761, 704, 18, 9.84%, 0, 38, 5, 8.26, 13, 125, 6
1776720424, 34, 41, 762, 705, 18, 9.84%, 0, 38, 5, 11.68, 13, 125, 6
1776720429, 34, 41, 763, 706, 18, 9.84%, 0, 38, 5, 8.41, 13, 125, 6
1776720451, 36, 7, 764, 706, 0, 9.84%, 0, 38, 5, 13.67, 13, 125, 6
1776720461, 36, 7, 765, 707, 0, 9.84%, 0, 38, 5, 14.67, 13, 125, 6
1776720471, 37, 49, 765, 706, 0, 9.84%, 0, 38, 5, 14.14, 13, 125, 6
1776720507, 37, 663, 766, 706, 0, 9.84%, 0, 38, 5, 10.23, 13, 125, 6
1776720554, 37, 663, 767, 707, 0, 9.84%, 0, 38, 5, 6.52, 13, 125, 6
1776720648, 37, 663, 768, 708, 0, 9.84%, 0, 38, 5, 6.32, 13, 125, 6
1776720653, 37, 663, 769, 709, 0, 9.85%, 0, 38, 5, 6.11, 13, 125, 6
1776720712, 38, 24, 769, 708, 3, 9.85%, 0, 38, 5, 0.88, 13, 125, 6
1776720734, 38, 24, 770, 709, 3, 9.85%, 0, 38, 5, 9.37, 13, 125, 6
1776720739, 38, 24, 771, 710, 3, 9.85%, 0, 38, 5, 9.49, 13, 126, 6
1776720760, 38, 53, 771, 710, 19, 9.85%, 0, 38, 5, 14.92, 13, 126, 6
1776720798, 38, 53, 772, 711, 19, 9.85%, 0, 38, 5, 9.78, 13, 126, 6
1776720819, 38, 665, 773, 711, 5, 9.85%, 0, 38, 5, 8.75, 13, 126, 6
1776721028, 38, 681, 773, 710, 4, 9.85%, 0, 38, 5, 0.02, 13, 126, 7
1776721160, 38, 681, 774, 711, 4, 9.85%, 0, 38, 5, 7.81, 13, 126, 7
1776721217, 39, 65, 774, 710, 19, 9.85%, 0, 38, 5, 9.52, 13, 126, 7
1776721250, 39, 65, 775, 711, 19, 9.85%, 0, 38, 5, 10.09, 13, 126, 7
1776721299, 39, 689, 775, 710, 18, 9.85%, 0, 38, 5, 8.57, 13, 126, 7
1776721434, 40, 634, 775, 710, 18, 9.85%, 0, 38, 5, 0.88, 13, 126, 8
1776721647, 40, 689, 775, 709, 17, 9.85%, 0, 38, 5, 0.89, 13, 126, 8
1776721686, 40, 689, 776, 710, 17, 9.85%, 0, 38, 5, 0.89, 13, 126, 8
1776722019, 41, 8, 776, 710, 17, 9.85%, 0, 38, 5, 0.90, 13, 126, 8
1776722114, 41, 757, 776, 710, 17, 9.85%, 0, 38, 5, 0.13, 13, 126, 9
1776722130, 41, 757, 777, 711, 17, 9.85%, 0, 38, 5, 9.34, 13, 127, 9
1776722189, 42, 646, 777, 710, 16, 9.85%, 0, 38, 5, 6.68, 13, 127, 9
1776722255, 42, 646, 778, 711, 16, 9.85%, 0, 38, 5, 6.25, 13, 127, 9
1776722345, 42, 646, 779, 712, 16, 9.85%, 0, 38, 5, 0.89, 13, 127, 9
1776722400, 42, 661, 779, 711, 8, 9.85%, 0, 38, 5, 0.89, 13, 127, 9
1776722680, 43, 84, 779, 710, 7, 9.85%, 0, 38, 5, 0.05, 13, 127, 10
1776722818, 43, 84, 781, 712, 7, 9.85%, 0, 38, 5, 9.47, 13, 127, 10
1776722823, 44, 85, 781, 711, 7, 9.85%, 0, 38, 5, 11.34, 13, 127, 10
1776722923, 44, 322, 781, 710, 6, 9.85%, 0, 38, 5, 17.33, 13, 127, 10
1776723013, 44, 322, 782, 711, 6, 9.85%, 0, 38, 5, 8.54, 13, 127, 10
1776723018, 44, 347, 782, 710, 18, 9.85%, 0, 38, 5, 4.90, 13, 127, 10
1776723090, 44, 347, 783, 711, 18, 9.85%, 0, 38, 5, 6.17, 13, 127, 10
1776723268, 44, 397, 783, 710, 19, 9.85%, 0, 38, 5, 19.59, 13, 127, 10
1776723306, 45, 38, 784, 710, 18, 9.85%, 0, 38, 5, 18.70, 13, 127, 10
1776723311, 45, 38, 785, 711, 18, 9.85%, 0, 38, 5, 12.49, 13, 127, 10
1776723322, 45, 38, 786, 712, 18, 9.85%, 0, 38, 5, 12.98, 13, 127, 10
1776723350, 45, 398, 786, 712, 18, 9.85%, 0, 38, 5, 0.89, 13, 127, 10
1776723529, 45, 407, 786, 711, 17, 9.85%, 0, 38, 5, 10.67, 13, 127, 10
1776723551, 45, 407, 787, 712, 17, 9.85%, 0, 38, 5, 7.25, 13, 127, 10
1776723624, 46, 28, 787, 712, 17, 9.85%, 0, 38, 5, 0.89, 13, 127, 10
1776723718, 46, 720, 787, 712, 17, 9.85%, 0, 38, 5, 0.89, 13, 127, 10
1776723897, 47, 449, 787, 711, 16, 9.85%, 0, 38, 5, 0.04, 13, 127, 11
1776723913, 47, 449, 788, 712, 16, 9.85%, 0, 38, 5, 6.82, 13, 127, 11
1776723923, 47, 449, 789, 713, 16, 9.85%, 0, 38, 5, 8.51, 13, 127, 11
1776723961, 47, 449, 790, 714, 16, 9.85%, 0, 38, 5, 0.88, 13, 127, 11
1776723994, 47, 449, 791, 715, 16, 9.85%, 0, 38, 5, 5.65, 13, 127, 11
1776724004, 48, 560, 792, 715, 7, 9.85%, 0, 38, 5, 6.98, 13, 127, 11
1776724020, 48, 560, 793, 716, 7, 9.85%, 0, 38, 5, 7.32, 13, 127, 11
1776724079, 48, 565, 793, 715, 6, 9.85%, 0, 38, 5, 7.47, 13, 127, 11
1776724127, 48, 565, 794, 716, 6, 9.85%, 0, 38, 5, 7.01, 13, 127, 11
1776724132, 48, 565, 795, 717, 6, 9.85%, 0, 38, 5, 6.74, 13, 127, 11
1776724143, 48, 565, 796, 718, 6, 9.85%, 0, 38, 5, 6.32, 13, 127, 11
1776724148, 48, 565, 797, 719, 6, 9.85%, 0, 38, 5, 5.91, 13, 127, 11
1776724219, 48, 727, 797, 718, 4, 9.85%, 0, 38, 5, 6.81, 13, 127, 11
1776724317, 48, 727, 798, 719, 4, 9.85%, 0, 38, 5, 5.93, 13, 127, 11
1776724736, 49, 507, 798, 718, 3, 9.85%, 0, 38, 5, 0.89, 13, 127, 11
1776724867, 50, 24, 798, 717, 2, 9.85%, 0, 38, 5, 0.02, 13, 127, 12
1776724895, 50, 24, 799, 718, 2, 9.85%, 0, 38, 5, 0.87, 13, 127, 12
1776724922, 50, 24, 800, 719, 2, 9.85%, 0, 38, 5, 10.10, 13, 127, 12
1776724938, 50, 24, 801, 720, 2, 9.85%, 0, 38, 5, 10.33, 13, 127, 12
1776724944, 50, 568, 801, 720, 18, 9.85%, 0, 38, 5, 0.90, 13, 127, 12
1776724955, 50, 568, 802, 721, 18, 9.85%, 0, 38, 5, 14.03, 13, 127, 12
1776725031, 50, 568, 803, 722, 18, 9.86%, 0, 38, 5, 10.78, 13, 127, 12
1776725036, 50, 568, 804, 723, 18, 9.86%, 0, 38, 5, 10.16, 13, 127, 12
1776725041, 50, 568, 806, 725, 18, 9.86%, 0, 38, 5, 8.24, 13, 127, 12
1776725046, 50, 568, 808, 727, 18, 9.86%, 0, 38, 5, 7.47, 13, 127, 12
1776725057, 50, 568, 809, 728, 18, 9.86%, 0, 38, 5, 8.74, 13, 127, 12
1776725067, 50, 768, 809, 727, 4, 9.86%, 0, 38, 5, 0.89, 13, 127, 12
1776725282, 51, 571, 809, 726, 3, 9.86%, 0, 38, 5, 7.07, 13, 127, 12
1776725293, 51, 571, 810, 727, 3, 9.86%, 0, 38, 5, 7.66, 13, 127, 12
1776725385, 51, 571, 811, 728, 3, 9.86%, 0, 38, 5, 6.81, 13, 127, 12
1776725390, 52, 38, 811, 727, 6, 9.86%, 0, 38, 5, 11.01, 13, 127, 12
1776725514, 52, 38, 813, 729, 6, 9.86%, 0, 38, 5, 8.14, 13, 127, 12
1776725519, 52, 38, 814, 730, 6, 9.86%, 0, 38, 5, 9.22, 13, 127, 12
1776725541, 53, 12, 814, 730, 0, 9.86%, 0, 38, 5, 14.13, 13, 127, 12
1776725572, 53, 45, 814, 729, 0, 9.86%, 0, 38, 5, 0.89, 13, 127, 12
1776725672, 53, 45, 815, 730, 0, 9.86%, 0, 38, 5, 11.78, 13, 127, 12
1776725677, 53, 572, 815, 729, 0, 9.86%, 0, 38, 5, 0.88, 13, 127, 12
1776725698, 53, 572, 816, 730, 0, 9.86%, 0, 38, 5, 6.03, 13, 127, 12
1776725870, 53, 758, 816, 729, 1, 9.86%, 0, 38, 5, 7.96, 13, 127, 12
1776725942, 54, 693, 816, 728, 0, 9.86%, 0, 38, 5, 0.84, 13, 127, 13
1776726218, 55, 627, 816, 727, 0, 9.86%, 0, 38, 5, 4.99, 13, 127, 13
1776726393, 56, 39, 816, 726, 0, 9.86%, 0, 38, 5, 8.47, 13, 127, 13
1776726437, 56, 640, 817, 726, 2, 9.86%, 0, 38, 5, 0.89, 13, 127, 13
1776726718, 57, 507, 817, 725, 1, 9.86%, 0, 38, 5, 7.81, 13, 127, 13
1776726820, 57, 694, 817, 725, 1, 9.86%, 0, 38, 5, 0.02, 13, 127, 14
1776726852, 57, 694, 818, 726, 1, 9.86%, 0, 38, 5, 5.71, 13, 127, 14
1776727075, 58, 28, 818, 726, 4, 9.86%, 0, 38, 5, 0.04, 13, 127, 15
1776727101, 59, 507, 818, 726, 4, 9.86%, 0, 38, 5, 13.35, 13, 127, 15
1776727148, 59, 715, 819, 727, 4, 9.86%, 0, 38, 5, 7.43, 13, 127, 16
1776727380, 59, 776, 819, 726, 0, 9.86%, 0, 38, 5, 0.03, 13, 127, 17
1776727432, 59, 776, 820, 727, 0, 9.86%, 0, 38, 5, 7.01, 13, 127, 17
1776727473, 60, 16, 820, 726, 0, 9.86%, 0, 38, 5, 7.26, 13, 127, 17
1776727531, 60, 528, 820, 725, 0, 9.86%, 0, 38, 5, 0.14, 13, 127, 18
1776727591, 61, 49, 820, 725, 0, 9.86%, 0, 38, 5, 0.89, 13, 127, 18
1776727606, 61, 49, 821, 726, 0, 9.86%, 0, 38, 5, 10.79, 13, 127, 18
1776727612, 61, 49, 822, 727, 0, 9.86%, 0, 38, 5, 9.15, 13, 127, 18
1776727617, 61, 49, 822, 727, 0, 9.86%, 0, 39, 5, 0.90, 13, 127, 18
1776727672, 61, 698, 822, 727, 22, 9.86%, 0, 39, 5, 0.89, 13, 127, 18
1776727828, 61, 698, 823, 728, 22, 9.86%, 0, 39, 5, 6.53, 13, 127, 18
1776727883, 62, 53, 823, 727, 21, 9.86%, 0, 39, 5, 0.88, 13, 127, 18
1776727943, 62, 53, 824, 728, 21, 9.86%, 0, 39, 5, 10.23, 13, 127, 18
1776727948, 62, 701, 824, 728, 21, 9.86%, 0, 39, 5, 11.62, 13, 127, 18
1776728064, 62, 701, 825, 729, 21, 9.86%, 0, 39, 5, 7.39, 13, 127, 18
1776728074, 63, 19, 825, 728, 0, 9.86%, 0, 39, 5, 13.60, 13, 127, 18
1776728089, 63, 514, 825, 727, 0, 9.86%, 0, 39, 5, 11.79, 13, 127, 18
1776728137, 63, 514, 826, 728, 0, 9.86%, 0, 39, 5, 6.45, 13, 127, 18
1776728158, 63, 738, 826, 727, 0, 9.86%, 0, 39, 5, 7.68, 13, 127, 18
1776728178, 63, 738, 827, 728, 0, 9.86%, 0, 39, 5, 8.99, 13, 127, 18
1776728238, 63, 772, 827, 727, 0, 9.86%, 0, 39, 5, 7.62, 13, 127, 18
1776728269, 63, 772, 828, 728, 0, 9.86%, 0, 39, 6, 7.23, 13, 127, 18
1776728279, 63, 772, 829, 729, 0, 9.86%, 0, 39, 6, 7.24, 13, 127, 18
1776728300, 63, 772, 830, 730, 0, 9.86%, 0, 39, 6, 7.63, 13, 127, 18
1776728398, 64, 717, 830, 729, 7, 9.86%, 0, 39, 6, 0.89, 13, 127, 18
1776728720, 65, 38, 830, 728, 6, 9.86%, 0, 39, 6, 0.89, 13, 127, 18
1776728731, 65, 38, 831, 729, 6, 9.86%, 0, 39, 6, 10.22, 13, 127, 18
1776728813, 65, 718, 832, 730, 6, 9.86%, 0, 39, 6, 8.13, 13, 127, 18
1776728849, 65, 718, 833, 731, 6, 9.86%, 0, 39, 6, 7.73, 13, 127, 18
1776729109, 66, 620, 833, 730, 1, 9.86%, 0, 39, 6, 0.02, 13, 127, 19
1776729189, 67, 47, 833, 729, 1, 9.86%, 0, 39, 6, 11.81, 13, 127, 19
1776729230, 67, 819, 833, 729, 1, 9.86%, 0, 39, 6, 0.44, 13, 127, 20
1776729373, 68, 55, 833, 728, 0, 9.86%, 0, 39, 6, 7.61, 13, 127, 20
1776729410, 68, 527, 833, 727, 0, 9.86%, 0, 39, 6, 12.59, 13, 127, 20
1776729457, 68, 745, 833, 727, 0, 9.86%, 0, 39, 6, 0.13, 13, 127, 21
1776729572, 68, 748, 833, 726, 0, 9.86%, 0, 39, 6, 8.09, 13, 127, 21
1776729690, 68, 773, 833, 725, 0, 9.86%, 0, 39, 6, 0.03, 13, 127, 22
1776729912, 69, 695, 833, 724, 0, 9.86%, 0, 39, 6, 0.91, 13, 127, 22
1776729939, 69, 695, 834, 725, 0, 9.86%, 0, 39, 6, 10.14, 13, 127, 22
1776730080, 69, 758, 834, 724, 18, 9.86%, 0, 39, 6, 0.88, 13, 127, 22
1776730112, 69, 758, 835, 725, 18, 9.86%, 0, 39, 6, 7.60, 13, 127, 22
1776730128, 69, 758, 836, 726, 18, 9.86%, 0, 39, 6, 8.05, 13, 127, 22
1776730187, 70, 759, 837, 727, 1, 9.86%, 0, 39, 6, 9.77, 13, 127, 22
1776730192, 70, 759, 838, 728, 1, 9.86%, 0, 39, 6, 12.63, 13, 127, 22
1776730198, 70, 759, 839, 729, 1, 9.86%, 0, 39, 6, 13.43, 13, 127, 22
1776730208, 70, 759, 840, 730, 1, 9.86%, 0, 39, 6, 11.80, 13, 127, 22
1776730219, 70, 759, 841, 731, 1, 9.86%, 0, 39, 6, 0.90, 13, 127, 22
1776730263, 70, 759, 842, 732, 1, 9.86%, 0, 39, 6, 12.15, 13, 127, 22
1776730273, 70, 759, 843, 733, 1, 9.86%, 0, 39, 6, 13.24, 13, 127, 22
1776730320, 70, 759, 844, 734, 1, 9.86%, 0, 39, 6, 9.57, 13, 127, 22
1776730336, 70, 759, 845, 735, 1, 9.86%, 0, 39, 6, 11.22, 13, 127, 22
1776730341, 70, 759, 846, 736, 1, 9.87%, 0, 39, 6, 9.75, 13, 127, 22
1776730346, 70, 759, 847, 737, 1, 9.87%, 0, 39, 6, 8.93, 13, 128, 22
1776730375, 71, 24, 847, 736, 4, 9.87%, 0, 39, 6, 0.89, 13, 128, 22
1776730407, 71, 24, 848, 737, 4, 9.87%, 0, 39, 6, 16.11, 13, 128, 22
1776730412, 71, 47, 848, 737, 4, 9.87%, 0, 39, 6, 14.13, 13, 128, 22
1776730417, 71, 47, 850, 739, 4, 9.87%, 0, 39, 6, 11.84, 13, 128, 22
1776730438, 71, 47, 851, 740, 4, 9.87%, 0, 39, 6, 10.83, 13, 128, 22
1776730448, 72, 53, 851, 740, 4, 9.87%, 0, 39, 6, 0.88, 13, 128, 22
1776730480, 74, 47, 851, 740, 4, 9.87%, 0, 39, 6, 12.80, 13, 128, 22
1776730500, 74, 47, 852, 741, 4, 9.87%, 0, 39, 6, 11.55, 13, 128, 22
1776730510, 74, 212, 852, 741, 4, 9.87%, 0, 39, 6, 0.91, 13, 128, 22
1776730749, 75, 65, 852, 740, 4, 9.87%, 0, 39, 6, 0.89, 13, 128, 22
1776730765, 75, 65, 853, 741, 4, 9.87%, 0, 39, 6, 15.25, 13, 128, 22
1776730825, 75, 727, 853, 741, 4, 9.87%, 0, 39, 6, 10.17, 13, 128, 22
1776730885, 75, 727, 854, 742, 4, 9.87%, 0, 39, 6, 10.75, 13, 128, 22
1776731289, 75, 727, 854, 742, 4, 9.87%, 0, 39, 6, 0.89, 13, 128, 23
1776731414, 75, 727, 855, 743, 4, 9.87%, 0, 39, 6, 5.43, 13, 128, 23
1776731545, 76, 84, 855, 743, 2, 9.87%, 0, 39, 6, 0.91, 13, 128, 23
1776731701, 76, 770, 855, 743, 2, 9.87%, 0, 39, 6, 0.01, 13, 128, 24
1776732008, 77, 53, 855, 742, 1, 9.87%, 0, 39, 6, 12.90, 13, 128, 24
1776732034, 77, 53, 857, 744, 1, 9.87%, 0, 39, 6, 10.99, 13, 128, 24
1776732078, 77, 85, 857, 744, 1, 9.87%, 0, 39, 6, 17.55, 13, 128, 24
1776732094, 77, 85, 858, 745, 1, 9.87%, 0, 39, 6, 14.57, 13, 128, 24
1776732099, 77, 841, 858, 745, 1, 9.87%, 0, 39, 6, 12.21, 13, 128, 24
1776732150, 78, 776, 858, 744, 0, 9.87%, 0, 39, 6, 6.18, 13, 128, 24
1776732176, 78, 776, 859, 745, 0, 9.87%, 0, 39, 6, 7.50, 13, 128, 24
1776732197, 78, 776, 860, 746, 0, 9.87%, 0, 39, 6, 7.00, 13, 128, 24
1776732390, 78, 776, 861, 747, 0, 9.88%, 0, 39, 6, 6.74, 13, 128, 24
1776732422, 78, 833, 861, 747, 1, 9.88%, 0, 39, 6, 7.47, 13, 128, 24
1776732428, 78, 833, 862, 748, 1, 9.88%, 0, 39, 6, 7.18, 13, 128, 24
1776732469, 78, 833, 863, 749, 1, 9.88%, 0, 39, 6, 7.85, 13, 128, 24
1776732546, 78, 833, 864, 750, 1, 9.88%, 0, 39, 6, 7.22, 13, 128, 24
1776732598, 79, 527, 864, 749, 0, 9.88%, 0, 39, 6, 9.56, 13, 128, 24
1776732704, 79, 780, 864, 749, 0, 9.88%, 0, 39, 6, 0.04, 13, 128, 25
1776732818, 80, 54, 864, 748, 0, 9.88%, 0, 39, 6, 0.91, 13, 128, 25
1776732835, 80, 54, 865, 749, 0, 9.88%, 0, 39, 6, 13.99, 13, 128, 25
1776732900, 80, 88, 865, 748, 0, 9.88%, 0, 39, 6, 0.91, 13, 128, 25
1776733004, 80, 727, 865, 747, 0, 9.88%, 0, 39, 6, 7.88, 13, 128, 25
1776733009, 80, 727, 866, 748, 0, 9.88%, 0, 39, 6, 6.43, 13, 128, 25
1776733287, 80, 797, 866, 748, 0, 9.88%, 0, 39, 6, 0.01, 13, 128, 26
1776733648, 80, 829, 866, 747, 0, 9.88%, 0, 39, 6, 0.91, 13, 128, 26
1776733770, 80, 829, 867, 748, 0, 9.88%, 0, 39, 7, 5.20, 13, 128, 26
1776733907, 81, 782, 867, 747, 0, 9.88%, 0, 39, 7, 6.54, 13, 128, 26
1776734160, 82, 89, 867, 746, 0, 9.88%, 0, 39, 7, 13.24, 13, 128, 26
1776734285, 82, 801, 867, 745, 0, 9.88%, 0, 39, 7, 0.02, 13, 128, 27
1776734295, 82, 801, 868, 746, 0, 9.88%, 0, 39, 7, 10.77, 13, 128, 27
1776734316, 82, 801, 869, 747, 0, 9.88%, 0, 39, 7, 8.02, 13, 128, 27
1776734331, 82, 802, 869, 746, 21, 9.88%, 0, 39, 7, 7.83, 13, 128, 27
1776734388, 83, 407, 869, 745, 20, 9.88%, 0, 39, 7, 8.39, 13, 128, 27
1776734512, 83, 830, 869, 745, 20, 9.88%, 0, 39, 7, 0.05, 13, 128, 28
1776734671, 84, 815, 869, 744, 19, 9.88%, 0, 39, 7, 0.92, 13, 128, 28
1776734768, 84, 815, 870, 745, 19, 9.89%, 0, 39, 7, 5.66, 13, 128, 28
1776734779, 84, 815, 871, 746, 19, 9.89%, 0, 39, 7, 5.43, 13, 128, 28
1776734855, 85, 55, 871, 745, 0, 9.89%, 0, 39, 7, 0.92, 13, 128, 28
1776734913, 85, 825, 871, 745, 0, 9.89%, 0, 39, 7, 12.83, 13, 128, 28
1776735094, 85, 859, 871, 744, 0, 9.89%, 0, 39, 7, 0.03, 13, 128, 29
1776735314, 85, 859, 872, 745, 0, 9.89%, 0, 39, 7, 8.39, 13, 128, 29
1776735407, 85, 869, 872, 744, 0, 9.89%, 0, 39, 7, 0.91, 13, 128, 29
1776735697, 86, 815, 872, 743, 0, 9.89%, 0, 39, 7, 0.02, 13, 128, 30
1776735864, 86, 833, 872, 743, 0, 9.89%, 0, 39, 7, 0.92, 13, 128, 30
1776735920, 86, 833, 873, 744, 0, 9.89%, 0, 39, 7, 4.64, 13, 128, 30
1776735930, 86, 833, 874, 745, 0, 9.89%, 0, 39, 7, 5.48, 13, 128, 30
1776735993, 87, 758, 874, 745, 4, 9.89%, 0, 39, 7, 7.27, 13, 128, 30
1776736082, 88, 65, 874, 745, 4, 9.89%, 0, 39, 7, 0.06, 13, 128, 31
1776736092, 88, 65, 875, 746, 4, 9.89%, 0, 39, 7, 10.82, 13, 128, 31
1776736119, 88, 731, 875, 746, 4, 9.89%, 0, 39, 7, 0.91, 13, 128, 31
1776736520, 88, 834, 875, 745, 3, 9.89%, 0, 39, 7, 0.02, 13, 128, 32
1776736617, 88, 834, 876, 746, 3, 9.89%, 0, 39, 7, 4.85, 13, 128, 32
1776736708, 89, 536, 876, 745, 0, 9.89%, 0, 39, 7, 9.98, 13, 128, 32
1776736713, 89, 536, 877, 746, 0, 9.89%, 0, 39, 7, 7.74, 13, 128, 32
1776736795, 89, 836, 877, 745, 0, 9.89%, 0, 39, 7, 0.91, 13, 128, 32
1776736805, 89, 836, 878, 746, 0, 9.89%, 0, 39, 7, 9.69, 13, 128, 32
1776736830, 89, 836, 879, 747, 0, 9.89%, 0, 39, 7, 10.27, 13, 128, 32
1776736835, 89, 836, 880, 748, 0, 9.89%, 0, 39, 7, 10.23, 13, 128, 32
1776736862, 90, 29, 880, 747, 0, 9.89%, 0, 39, 7, 12.99, 13, 128, 32
1776736882, 90, 838, 880, 747, 0, 9.89%, 0, 39, 7, 11.62, 13, 128, 32
1776736914, 90, 838, 881, 748, 0, 9.89%, 0, 39, 7, 6.46, 13, 128, 32
1776736983, 91, 73, 881, 747, 0, 9.89%, 0, 39, 7, 10.17, 13, 128, 32
1776736988, 91, 73, 882, 748, 0, 9.90%, 0, 39, 7, 1.77, 13, 128, 32
1776736994, 91, 73, 883, 749, 0, 9.90%, 0, 39, 7, 7.40, 13, 128, 32
1776737021, 91, 73, 884, 750, 0, 9.90%, 0, 39, 7, 16.37, 13, 128, 32
1776737026, 91, 73, 885, 751, 0, 9.90%, 0, 39, 7, 13.38, 13, 128, 32
1776737037, 91, 870, 885, 750, 3, 9.90%, 0, 39, 7, 0.92, 13, 128, 32
1776737399, 92, 841, 885, 749, 2, 9.90%, 0, 39, 7, 0.01, 13, 128, 33
1776737451, 92, 870, 885, 749, 2, 9.90%, 0, 39, 7, 7.55, 13, 128, 33
1776737456, 92, 870, 886, 750, 2, 9.90%, 0, 39, 7, 2.95, 13, 128, 33
1776737928, 93, 623, 886, 750, 2, 9.90%, 0, 39, 7, 0.01, 13, 128, 34
1776737986, 93, 844, 886, 750, 2, 9.90%, 0, 39, 7, 0.90, 13, 128, 34
1776738061, 94, 38, 886, 749, 1, 9.90%, 0, 39, 7, 8.05, 13, 128, 34
1776738094, 94, 845, 886, 749, 1, 9.90%, 0, 40, 7, 2.05, 13, 128, 34
1776738182, 94, 845, 887, 750, 1, 9.90%, 0, 40, 7, 7.74, 13, 128, 34
1776738192, 94, 845, 888, 751, 1, 9.90%, 0, 40, 7, 6.03, 13, 128, 34
1776738278, 94, 868, 888, 750, 0, 9.90%, 0, 40, 7, 0.92, 13, 128, 34
1776738404, 94, 868, 889, 751, 0, 9.90%, 0, 40, 7, 13.12, 13, 128, 34
1776738421, 94, 868, 890, 752, 0, 9.90%, 0, 40, 7, 0.91, 13, 128, 34
1776738453, 94, 885, 890, 751, 0, 9.90%, 0, 40, 7, 9.37, 13, 128, 34
1776738772, 94, 886, 890, 750, 0, 9.90%, 0, 40, 7, 0.92, 13, 128, 34
1776738805, 94, 886, 891, 751, 0, 9.90%, 0, 40, 7, 4.22, 13, 128, 34
1776739017, 94, 886, 891, 751, 0, 9.90%, 0, 41, 7, 0.93, 13, 128, 34
1776739103, 95, 78, 891, 750, 0, 9.90%, 0, 41, 7, 12.06, 13, 128, 34
1776739162, 95, 80, 891, 749, 0, 9.90%, 0, 41, 7, 12.05, 13, 128, 34
1776739221, 95, 732, 891, 748, 0, 9.90%, 0, 41, 7, 3.69, 13, 128, 35
1776739432, 95, 887, 891, 747, 0, 9.90%, 0, 41, 7, 0.92, 13, 128, 35
1776739563, 95, 887, 892, 748, 0, 9.90%, 0, 41, 7, 4.97, 13, 128, 35
1776739698, 96, 9, 892, 747, 0, 9.90%, 0, 41, 7, 10.28, 13, 128, 35
1776739723, 96, 25, 892, 746, 0, 9.90%, 0, 41, 7, 13.27, 13, 128, 35
1776739764, 96, 43, 892, 745, 0, 9.90%, 0, 41, 7, 0.10, 13, 128, 36
1776739807, 96, 229, 892, 744, 0, 9.90%, 0, 41, 7, 0.92, 13, 128, 36
1776740126, 96, 411, 892, 743, 0, 9.90%, 0, 41, 7, 0.01, 13, 128, 37
1776740183, 96, 411, 892, 742, 0, 9.90%, 0, 41, 7, 7.34, 13, 128, 37
1776740244, 96, 411, 893, 743, 0, 9.90%, 0, 41, 7, 6.53, 13, 128, 37
1776740299, 96, 411, 894, 744, 0, 9.90%, 0, 41, 7, 6.20, 13, 128, 37
1776740305, 97, 38, 894, 744, 16, 9.90%, 0, 41, 7, 0.92, 13, 128, 37
1776740358, 97, 499, 894, 744, 16, 9.90%, 0, 41, 7, 11.61, 13, 128, 37
1776740442, 98, 479, 894, 743, 16, 9.90%, 0, 41, 7, 0.06, 13, 128, 38
1776740528, 99, 776, 894, 742, 15, 9.90%, 0, 41, 7, 6.62, 13, 128, 38
1776740662, 100, 398, 894, 742, 15, 9.90%, 0, 41, 7, 0.92, 13, 128, 39
1776740753, 100, 398, 895, 743, 15, 9.90%, 0, 41, 7, 6.36, 13, 128, 39
1776740758, 102, 47, 895, 743, 3, 9.90%, 0, 41, 7, 8.99, 13, 128, 39
1776740763, 102, 47, 896, 744, 3, 9.90%, 0, 41, 7, 8.70, 13, 128, 39
1776740784, 103, 86, 896, 744, 3, 9.90%, 0, 41, 7, 13.86, 13, 128, 39
1776740822, 103, 86, 897, 745, 3, 9.90%, 0, 41, 7, 15.89, 13, 128, 39
1776740827, 103, 86, 898, 746, 3, 9.91%, 0, 41, 7, 9.31, 13, 129, 39
1776740832, 103, 876, 898, 745, 0, 9.91%, 0, 41, 7, 12.76, 13, 129, 39
1776740889, 104, 88, 898, 744, 0, 9.91%, 0, 41, 7, 11.15, 13, 129, 39
1776740900, 104, 88, 899, 745, 0, 9.91%, 0, 41, 7, 10.78, 13, 129, 39
1776740970, 104, 778, 899, 745, 0, 9.91%, 0, 41, 7, 7.66, 13, 129, 39
1776741144, 105, 666, 899, 744, 0, 9.91%, 0, 41, 7, 0.92, 13, 129, 39
1776741355, 105, 667, 899, 743, 0, 9.91%, 0, 41, 7, 0.01, 13, 129, 40
1776741391, 105, 667, 900, 744, 0, 9.91%, 0, 41, 7, 7.66, 13, 129, 40
1776741397, 105, 667, 901, 745, 0, 9.91%, 0, 41, 7, 6.57, 13, 129, 40
1776741424, 105, 667, 902, 746, 0, 9.91%, 0, 41, 7, 7.76, 13, 129, 40
1776741429, 105, 667, 903, 747, 0, 9.91%, 0, 41, 7, 4.17, 13, 129, 40
1776741520, 106, 290, 903, 746, 17, 9.91%, 0, 41, 7, 0.64, 13, 129, 40
1776741658, 107, 447, 903, 745, 17, 9.91%, 0, 41, 7, 6.56, 13, 129, 40
1776741668, 107, 447, 904, 746, 17, 9.91%, 0, 41, 7, 7.66, 13, 129, 40
1776741739, 107, 876, 904, 745, 17, 9.91%, 0, 41, 7, 7.70, 13, 129, 40
1776741797, 107, 876, 905, 746, 17, 9.91%, 0, 41, 7, 7.04, 13, 129, 40
1776741807, 108, 800, 905, 746, 17, 9.91%, 0, 41, 7, 0.92, 13, 129, 40
1776741921, 109, 523, 905, 745, 16, 9.91%, 0, 41, 7, 0.92, 13, 129, 40
1776741942, 109, 523, 906, 746, 16, 9.91%, 0, 41, 7, 9.09, 13, 129, 40
1776742000, 109, 534, 906, 746, 16, 9.91%, 0, 41, 7, 13.22, 13, 129, 40
1776742011, 109, 534, 907, 747, 16, 9.91%, 0, 41, 7, 11.13, 13, 129, 40
1776742026, 109, 705, 907, 746, 16, 9.91%, 0, 41, 7, 11.33, 13, 129, 40
1776742094, 110, 623, 907, 745, 15, 9.91%, 0, 41, 7, 0.92, 13, 129, 40
1776742227, 110, 735, 907, 745, 15, 9.91%, 0, 41, 7, 0.03, 13, 129, 41
1776742237, 110, 735, 908, 746, 15, 9.91%, 0, 41, 7, 7.12, 13, 129, 41
1776742305, 110, 735, 909, 747, 15, 9.91%, 0, 41, 7, 7.60, 13, 129, 41
1776742315, 110, 740, 909, 746, 17, 9.91%, 0, 41, 7, 7.82, 13, 129, 41
1776742390, 111, 579, 910, 746, 16, 9.91%, 0, 41, 7, 7.91, 13, 129, 41
1776742395, 111, 579, 911, 747, 16, 9.91%, 0, 41, 7, 8.65, 13, 129, 41
1776742552, 111, 813, 911, 746, 4, 9.91%, 0, 41, 7, 0.05, 13, 129, 42
1776742648, 112, 428, 912, 746, 3, 9.91%, 0, 41, 7, 8.06, 13, 129, 42
1776742674, 112, 536, 912, 745, 3, 9.91%, 0, 41, 7, 10.50, 13, 129, 42
1776742739, 112, 832, 912, 745, 3, 9.91%, 0, 41, 7, 0.92, 13, 129, 43
1776742923, 113, 668, 912, 744, 2, 9.91%, 0, 41, 7, 0.88, 13, 129, 43
1776743042, 113, 668, 913, 745, 2, 9.91%, 0, 41, 7, 5.58, 13, 129, 43
1776743074, 113, 746, 913, 744, 2, 9.91%, 0, 41, 7, 0.92, 13, 129, 43
1776743196, 114, 563, 913, 743, 1, 9.91%, 0, 41, 7, 0.04, 13, 129, 44
1776743262, 114, 563, 914, 744, 1, 9.91%, 0, 41, 7, 6.79, 13, 130, 44
1776743267, 114, 563, 915, 745, 1, 9.91%, 0, 41, 7, 11.38, 13, 130, 44
1776743294, 115, 479, 915, 744, 7, 9.91%, 0, 41, 7, 7.39, 13, 130, 44
1776743398, 116, 66, 915, 744, 7, 9.91%, 0, 41, 7, 0.92, 13, 130, 44
1776743424, 116, 854, 915, 744, 7, 9.91%, 0, 41, 7, 10.13, 13, 130, 45
1776743525, 116, 854, 916, 745, 7, 9.91%, 0, 41, 7, 5.53, 13, 130, 45
1776743671, 117, 682, 916, 744, 3, 9.91%, 0, 41, 7, 5.56, 13, 130, 45
1776743681, 117, 682, 917, 745, 3, 9.91%, 0, 41, 7, 6.22, 13, 130, 45
1776743781, 118, 43, 917, 744, 0, 9.91%, 0, 41, 7, 18.01, 13, 130, 45
1776743838, 118, 641, 917, 744, 0, 9.91%, 0, 41, 7, 0.04, 13, 130, 46
1776743870, 118, 641, 918, 745, 0, 9.91%, 0, 41, 7, 5.41, 13, 130, 46
1776743920, 118, 641, 918, 745, 0, 9.91%, 0, 42, 7, 0.43, 13, 130, 46
1776743964, 118, 641, 919, 746, 0, 9.91%, 0, 42, 7, 5.31, 13, 130, 46
1776743990, 118, 641, 920, 747, 0, 9.91%, 0, 42, 7, 5.08, 13, 130, 46
1776744006, 119, 497, 920, 746, 0, 9.91%, 0, 42, 7, 6.21, 13, 130, 46
1776744070, 119, 689, 920, 745, 0, 9.91%, 0, 42, 7, 8.67, 13, 130, 46
1776744317, 120, 759, 920, 745, 0, 9.91%, 0, 42, 7, 0.84, 13, 130, 46
1776744398, 120, 759, 921, 746, 0, 9.91%, 0, 42, 7, 13.10, 13, 130, 46
1776744408, 121, 484, 921, 746, 0, 9.91%, 0, 42, 7, 12.66, 13, 130, 46
1776744419, 121, 484, 922, 747, 0, 9.91%, 0, 42, 7, 13.11, 13, 130, 46
1776744446, 122, 446, 922, 746, 0, 9.91%, 0, 42, 7, 8.46, 13, 130, 46
1776744478, 123, 528, 922, 745, 0, 9.91%, 0, 42, 7, 9.59, 13, 130, 46
1776744568, 123, 765, 922, 745, 0, 9.91%, 0, 42, 7, 0.03, 13, 130, 47
1776744595, 123, 765, 923, 746, 0, 9.91%, 0, 42, 7, 7.08, 13, 130, 47
1776744605, 123, 765, 924, 747, 0, 9.91%, 0, 42, 7, 0.92, 13, 130, 47
1776744676, 123, 765, 925, 748, 0, 9.91%, 0, 42, 7, 7.82, 13, 130, 47
1776744715, 124, 485, 925, 747, 0, 9.91%, 0, 42, 7, 0.92, 13, 130, 47
1776744779, 124, 783, 925, 746, 0, 9.91%, 0, 42, 7, 13.50, 13, 130, 47
1776744865, 125, 866, 925, 745, 0, 9.91%, 0, 42, 7, 0.13, 13, 130, 48
1776744937, 125, 866, 926, 746, 0, 9.91%, 0, 42, 8, 5.40, 13, 130, 48
1776745126, 126, 721, 926, 745, 0, 9.91%, 0, 42, 8, 0.92, 13, 130, 48
1776745392, 126, 804, 926, 744, 0, 9.91%, 0, 42, 8, 0.02, 13, 130, 49
1776745482, 126, 804, 927, 745, 0, 9.91%, 0, 42, 8, 6.98, 13, 130, 49
1776745569, 127, 506, 927, 744, 0, 9.91%, 0, 42, 8, 6.72, 13, 130, 49
1776745615, 128, 50, 927, 743, 0, 9.91%, 0, 42, 8, 11.35, 13, 130, 49
1776745631, 128, 50, 928, 744, 0, 9.91%, 0, 42, 8, 13.78, 13, 130, 49
1776745647, 128, 809, 929, 744, 15, 9.91%, 0, 42, 8, 9.04, 13, 130, 49
1776745652, 128, 809, 930, 745, 15, 9.91%, 0, 42, 8, 8.13, 13, 130, 49
1776745689, 128, 809, 931, 746, 15, 9.91%, 0, 42, 8, 7.88, 13, 130, 49
1776745705, 128, 809, 932, 747, 15, 9.91%, 0, 42, 8, 7.19, 13, 130, 49
1776745741, 128, 809, 933, 748, 15, 9.91%, 0, 42, 8, 8.18, 13, 130, 49
1776745767, 128, 809, 934, 749, 15, 9.91%, 0, 42, 8, 9.93, 13, 130, 49
1776745906, 129, 810, 934, 748, 7, 9.91%, 0, 42, 8, 0.91, 13, 130, 49
1776746047, 129, 810, 935, 749, 7, 9.91%, 0, 42, 8, 2.06, 13, 130, 49
1776746063, 130, 749, 935, 748, 6, 9.91%, 0, 42, 8, 5.45, 13, 130, 49
1776746308, 130, 749, 936, 749, 6, 9.91%, 0, 42, 8, 0.92, 13, 130, 49
1776746313, 132, 76, 936, 748, 5, 9.91%, 0, 42, 8, 8.74, 13, 130, 49
1776746345, 132, 817, 936, 747, 5, 9.91%, 0, 42, 8, 10.27, 13, 130, 49
1776746538, 132, 817, 937, 748, 5, 9.91%, 0, 42, 8, 0.92, 13, 130, 49
1776746635, 132, 819, 937, 747, 14, 9.91%, 0, 42, 8, 6.39, 13, 130, 49
1776746744, 134, 53, 937, 747, 14, 9.91%, 0, 42, 8, 12.92, 13, 130, 49
1776746749, 134, 53, 939, 749, 14, 9.91%, 0, 42, 8, 14.57, 13, 130, 49
1776746776, 134, 497, 939, 749, 2, 9.91%, 0, 42, 8, 11.33, 13, 130, 49
1776746916, 134, 824, 939, 749, 2, 9.91%, 0, 42, 8, 0.02, 13, 130, 50
1776746922, 134, 824, 940, 750, 2, 9.91%, 0, 42, 8, 7.90, 13, 130, 50
1776747000, 134, 931, 940, 749, 1, 9.91%, 0, 42, 8, 6.66, 13, 130, 50
1776747368, 135, 838, 940, 748, 0, 9.91%, 0, 42, 8, 0.01, 13, 130, 51
1776747449, 135, 839, 940, 748, 0, 9.91%, 0, 42, 8, 9.27, 13, 130, 51
1776747492, 135, 839, 941, 749, 0, 9.91%, 0, 42, 8, 5.20, 13, 130, 51
1776747497, 135, 839, 942, 750, 0, 9.91%, 0, 42, 8, 0.93, 13, 130, 51
1776747671, 136, 822, 942, 749, 4, 9.91%, 0, 42, 8, 8.20, 13, 130, 51
1776747831, 136, 827, 942, 748, 4, 9.91%, 0, 42, 8, 0.01, 13, 130, 52
1776747837, 136, 827, 943, 749, 4, 9.91%, 0, 42, 8, 5.92, 13, 130, 52
1776748096, 137, 512, 943, 748, 3, 9.91%, 0, 42, 8, 0.19, 13, 130, 53
1776748139, 137, 901, 943, 747, 2, 9.91%, 0, 42, 8, 12.63, 13, 130, 53
1776748307, 138, 507, 943, 746, 1, 9.91%, 0, 42, 8, 0.03, 13, 130, 54
1776748338, 138, 507, 944, 747, 1, 9.91%, 0, 42, 8, 5.81, 13, 130, 54
1776748376, 139, 65, 944, 747, 2, 9.91%, 0, 42, 8, 11.95, 13, 130, 54
1776748413, 139, 534, 944, 747, 2, 9.91%, 0, 42, 8, 13.19, 13, 130, 54
1776748464, 139, 841, 944, 747, 2, 9.91%, 0, 42, 8, 0.03, 13, 130, 55
1776748490, 139, 841, 945, 748, 2, 9.91%, 0, 42, 8, 7.30, 13, 130, 55
1776748558, 141, 813, 945, 748, 2, 9.91%, 0, 42, 8, 1.30, 13, 130, 55
1776748568, 141, 813, 947, 750, 2, 9.91%, 0, 42, 8, 6.23, 13, 130, 55
1776748578, 141, 813, 948, 751, 2, 9.91%, 0, 42, 8, 6.12, 13, 130, 55
1776748732, 142, 85, 948, 751, 2, 9.91%, 0, 42, 8, 13.56, 13, 130, 55
1776748737, 142, 85, 950, 753, 2, 9.91%, 0, 42, 8, 12.62, 13, 130, 55
1776748802, 142, 854, 950, 753, 13, 9.91%, 0, 42, 8, 13.72, 13, 130, 55
1776748818, 142, 854, 951, 754, 13, 9.91%, 0, 42, 8, 5.81, 13, 130, 55
1776748973, 143, 478, 951, 754, 3, 9.91%, 0, 42, 8, 6.38, 13, 130, 55
1776748989, 143, 478, 952, 755, 3, 9.91%, 0, 42, 8, 7.26, 13, 130, 55
1776749048, 143, 881, 952, 754, 3, 9.91%, 0, 42, 8, 8.53, 13, 130, 55
1776749118, 144, 860, 952, 753, 2, 9.91%, 0, 42, 8, 8.21, 13, 130, 55
1776749350, 144, 873, 952, 752, 1, 9.91%, 0, 42, 8, 0.01, 13, 130, 56
1776749482, 144, 873, 953, 753, 1, 9.91%, 0, 42, 8, 0.93, 13, 130, 56
1776749563, 144, 881, 953, 752, 12, 9.91%, 0, 42, 8, 5.18, 13, 130, 56
1776749675, 144, 897, 953, 752, 12, 9.91%, 0, 42, 8, 0.93, 13, 130, 56
1776749691, 144, 897, 954, 753, 12, 9.91%, 0, 42, 8, 2.75, 13, 130, 56
1776749881, 145, 508, 954, 752, 0, 9.91%, 0, 42, 8, 9.75, 13, 130, 56
1776749941, 146, 591, 954, 751, 0, 9.91%, 0, 42, 8, 0.89, 13, 130, 57
1776750016, 146, 941, 954, 751, 0, 9.91%, 0, 42, 8, 6.56, 13, 130, 57
1776750021, 146, 941, 956, 753, 0, 9.91%, 0, 42, 8, 6.10, 13, 130, 57
1776750125, 146, 941, 957, 754, 0, 9.91%, 0, 42, 8, 7.37, 13, 130, 57
1776750226, 146, 941, 958, 755, 0, 9.91%, 0, 42, 8, 3.65, 13, 130, 57
1776750275, 147, 523, 958, 754, 0, 9.91%, 0, 42, 8, 6.59, 13, 130, 57
1776750379, 147, 523, 959, 755, 0, 9.91%, 0, 42, 8, 5.38, 13, 130, 57
1776750389, 148, 84, 959, 755, 1, 9.91%, 0, 42, 8, 7.83, 13, 130, 57
1776750415, 148, 479, 959, 755, 1, 9.91%, 0, 42, 8, 15.15, 13, 130, 57
1776750596, 148, 931, 959, 755, 1, 9.91%, 0, 42, 8, 0.01, 13, 130, 58
1776750732, 148, 931, 960, 756, 1, 9.91%, 0, 42, 8, 7.65, 13, 130, 58
1776750928, 148, 950, 960, 756, 1, 9.91%, 0, 42, 8, 5.40, 13, 130, 58
1776751328, 148, 957, 960, 755, 0, 9.91%, 0, 42, 8, 0.03, 13, 130, 59
1776751457, 149, 939, 960, 754, 0, 9.91%, 0, 42, 8, 7.79, 13, 130, 59
1776751488, 149, 939, 961, 755, 0, 9.91%, 0, 42, 8, 8.60, 13, 130, 59
1776751530, 149, 939, 962, 756, 0, 9.91%, 0, 42, 8, 9.89, 13, 130, 59
1776751535, 150, 537, 962, 755, 0, 9.91%, 0, 42, 8, 10.14, 13, 130, 59
1776751561, 150, 537, 963, 756, 0, 9.91%, 0, 42, 8, 11.90, 13, 130, 59
1776751567, 150, 770, 963, 755, 3, 9.91%, 0, 42, 8, 0.93, 13, 130, 59
1776751772, 150, 770, 964, 756, 3, 9.91%, 0, 42, 8, 6.72, 13, 130, 59
1776751838, 151, 478, 965, 757, 3, 9.91%, 0, 42, 8, 6.17, 13, 130, 59
1776751843, 151, 478, 966, 758, 3, 9.91%, 0, 42, 8, 7.63, 13, 130, 59
1776751904, 151, 478, 967, 759, 3, 9.91%, 0, 42, 8, 7.86, 13, 131, 59
1776751924, 151, 548, 967, 759, 2, 9.91%, 0, 42, 8, 7.58, 13, 131, 59
1776751940, 151, 548, 968, 760, 2, 9.92%, 0, 42, 8, 7.39, 13, 131, 59
1776751984, 151, 548, 970, 762, 2, 9.92%, 0, 42, 8, 5.98, 13, 131, 59
1776752044, 151, 845, 971, 762, 4, 9.92%, 0, 42, 8, 6.13, 13, 131, 59
1776752205, 151, 882, 971, 762, 2, 9.92%, 0, 42, 8, 0.91, 13, 131, 59
1776752421, 151, 940, 971, 761, 1, 9.92%, 0, 42, 8, 0.02, 13, 131, 60
1776752784, 152, 941, 971, 760, 0, 9.92%, 0, 42, 8, 12.08, 13, 131, 60
1776752916, 153, 861, 971, 760, 0, 9.92%, 0, 42, 8, 0.10, 13, 131, 61
1776752999, 154, 550, 971, 759, 0, 9.92%, 0, 42, 8, 0.87, 13, 131, 61
