# unix_time, cycles_done, cur_path, paths_total, pending_total, pending_favs, map_size, unique_crashes, unique_hangs, max_depth, execs_per_sec, n_nodes, n_edges, chat_times
1776795799, 0, 0, 68, 68, 17, 8.88%, 0, 0, 2, 18.84, 10, 24, 0
1776795804, 0, 0, 76, 76, 17, 8.91%, 0, 0, 2, 16.58, 11, 40, 0
1776795809, 0, 0, 84, 84, 17, 8.92%, 0, 0, 2, 14.80, 11, 44, 0
1776795815, 0, 0, 92, 92, 17, 8.92%, 0, 0, 2, 16.27, 11, 48, 0
1776795820, 0, 0, 101, 101, 17, 8.92%, 0, 0, 2, 16.27, 11, 48, 0
1776795825, 0, 0, 106, 106, 17, 8.92%, 0, 0, 2, 15.99, 11, 48, 0
1776795830, 0, 0, 112, 112, 17, 8.92%, 0, 0, 2, 13.02, 11, 50, 0
1776795835, 0, 0, 115, 115, 17, 8.92%, 0, 0, 2, 13.32, 11, 53, 0
1776795840, 0, 0, 122, 122, 17, 8.93%, 0, 0, 2, 14.14, 11, 55, 0
1776795845, 0, 0, 129, 129, 17, 8.95%, 0, 0, 2, 13.37, 11, 59, 0
1776795850, 0, 0, 134, 134, 17, 8.95%, 0, 0, 2, 12.43, 11, 59, 0
1776795856, 0, 0, 140, 140, 17, 8.96%, 0, 0, 2, 12.35, 11, 59, 0
1776795861, 0, 0, 146, 146, 17, 8.97%, 0, 0, 2, 14.02, 11, 63, 0
1776795866, 0, 0, 151, 151, 17, 8.97%, 0, 0, 2, 13.61, 11, 65, 0
1776795871, 0, 0, 158, 158, 17, 8.97%, 0, 0, 2, 14.00, 11, 65, 0
1776795876, 0, 0, 164, 164, 17, 8.97%, 0, 0, 2, 12.20, 11, 66, 0
1776795881, 0, 0, 168, 168, 17, 8.97%, 0, 0, 2, 12.02, 11, 66, 0
1776795887, 0, 0, 173, 173, 17, 8.98%, 0, 0, 2, 14.53, 11, 66, 0
1776795892, 0, 0, 178, 178, 17, 9.02%, 0, 0, 2, 14.37, 11, 66, 0
1776795897, 0, 0, 180, 180, 17, 9.02%, 0, 0, 2, 14.23, 11, 66, 0
1776795902, 0, 0, 182, 182, 17, 9.02%, 0, 0, 2, 13.88, 11, 66, 0
1776795907, 0, 0, 187, 187, 17, 9.02%, 0, 0, 2, 11.49, 11, 67, 0
1776795912, 0, 0, 192, 192, 17, 9.02%, 0, 0, 2, 14.02, 11, 67, 0
1776795917, 0, 0, 196, 196, 17, 9.03%, 0, 0, 2, 14.00, 11, 68, 0
1776795922, 0, 0, 200, 200, 17, 9.04%, 0, 0, 2, 14.67, 11, 68, 0
1776795928, 0, 0, 201, 201, 17, 9.04%, 0, 2, 2, 1.45, 11, 68, 0
1776795950, 0, 0, 202, 202, 17, 9.04%, 0, 2, 2, 12.08, 11, 68, 0
1776795956, 0, 0, 203, 203, 17, 9.05%, 0, 3, 2, 0.89, 11, 68, 0
1776795972, 0, 0, 207, 207, 17, 9.05%, 0, 3, 2, 19.35, 11, 69, 0
1776795977, 0, 0, 210, 210, 17, 9.05%, 0, 3, 2, 16.79, 11, 70, 0
1776795982, 0, 0, 213, 213, 17, 9.05%, 0, 3, 2, 14.01, 11, 70, 0
1776795988, 0, 0, 217, 217, 17, 9.05%, 0, 3, 2, 14.18, 11, 70, 0
1776795993, 0, 0, 220, 220, 17, 9.05%, 0, 3, 2, 16.29, 11, 70, 0
1776795998, 0, 0, 223, 223, 17, 9.05%, 0, 3, 2, 12.36, 11, 70, 0
1776796003, 0, 0, 224, 224, 17, 9.05%, 0, 3, 2, 9.41, 11, 70, 0
1776796009, 0, 0, 226, 226, 17, 9.05%, 0, 3, 2, 8.63, 11, 70, 0
1776796014, 0, 0, 229, 229, 17, 9.05%, 0, 3, 2, 9.96, 11, 70, 0
1776796019, 0, 0, 232, 232, 17, 9.05%, 0, 3, 2, 11.68, 11, 70, 0
1776796024, 0, 0, 234, 234, 17, 9.07%, 0, 3, 2, 11.68, 12, 73, 0
1776796029, 0, 0, 235, 235, 17, 9.07%, 0, 3, 2, 10.07, 12, 73, 0
1776796034, 0, 0, 237, 237, 17, 9.07%, 0, 3, 2, 10.17, 12, 73, 0
1776796039, 0, 0, 238, 238, 17, 9.07%, 0, 3, 2, 10.76, 12, 73, 0
1776796044, 0, 0, 239, 239, 17, 9.07%, 0, 3, 2, 9.65, 12, 73, 0
1776796050, 0, 0, 241, 241, 17, 9.07%, 0, 3, 2, 10.78, 12, 73, 0
1776796055, 0, 0, 245, 245, 17, 9.07%, 0, 3, 2, 11.91, 12, 73, 0
1776796060, 0, 0, 246, 246, 17, 9.07%, 0, 3, 2, 11.36, 12, 73, 0
1776796065, 0, 0, 246, 246, 17, 9.07%, 0, 4, 2, 9.84, 12, 73, 0
1776796076, 0, 0, 247, 247, 17, 9.09%, 0, 4, 2, 13.65, 12, 74, 0
1776796081, 0, 0, 248, 248, 17, 9.09%, 0, 4, 2, 1.50, 12, 74, 0
1776796087, 0, 0, 250, 250, 17, 9.11%, 0, 4, 2, 15.96, 12, 75, 0
1776796092, 0, 0, 254, 254, 17, 9.12%, 0, 4, 2, 11.93, 12, 75, 0
1776796097, 0, 0, 260, 260, 17, 9.17%, 0, 4, 2, 12.13, 12, 75, 0
1776796108, 0, 0, 263, 263, 17, 9.25%, 0, 4, 2, 13.72, 12, 75, 0
1776796113, 0, 0, 265, 265, 17, 9.25%, 0, 4, 2, 12.70, 12, 75, 0
1776796118, 0, 0, 271, 271, 17, 9.26%, 0, 4, 2, 12.57, 12, 76, 0
1776796124, 0, 0, 275, 275, 17, 9.27%, 0, 4, 2, 13.95, 12, 76, 0
1776796129, 0, 0, 277, 277, 17, 9.27%, 0, 4, 2, 0.89, 12, 78, 0
1776796163, 0, 0, 278, 278, 17, 9.27%, 0, 4, 2, 9.72, 12, 78, 0
1776796168, 0, 0, 281, 281, 17, 9.27%, 0, 4, 2, 9.05, 12, 78, 0
1776796173, 0, 0, 283, 283, 17, 9.27%, 0, 4, 2, 10.51, 12, 78, 0
1776796178, 0, 0, 285, 285, 17, 9.28%, 0, 4, 2, 14.02, 12, 78, 0
1776796183, 0, 0, 288, 288, 17, 9.28%, 0, 4, 2, 14.33, 12, 78, 0
1776796189, 0, 0, 291, 291, 17, 9.28%, 0, 4, 2, 13.33, 12, 78, 0
1776796194, 0, 0, 295, 295, 17, 9.29%, 0, 4, 2, 12.14, 12, 78, 0
1776796199, 0, 0, 296, 296, 17, 9.29%, 0, 4, 2, 12.90, 12, 78, 0
1776796205, 0, 0, 299, 299, 17, 9.31%, 0, 5, 2, 11.25, 12, 79, 0
1776796216, 0, 0, 301, 301, 17, 9.31%, 0, 5, 2, 9.63, 12, 79, 0
1776796221, 0, 0, 305, 305, 17, 9.31%, 0, 5, 2, 8.52, 12, 79, 0
1776796226, 0, 0, 308, 308, 17, 9.31%, 0, 5, 2, 9.66, 12, 81, 0
1776796231, 0, 0, 310, 310, 17, 9.31%, 0, 5, 2, 11.34, 12, 82, 0
1776796236, 0, 0, 313, 313, 17, 9.31%, 0, 5, 2, 10.43, 12, 82, 0
1776796242, 0, 0, 314, 314, 17, 9.32%, 0, 5, 2, 1.53, 12, 82, 0
1776796259, 0, 0, 314, 314, 17, 9.32%, 0, 6, 2, 1.20, 12, 82, 0
1776796292, 0, 0, 316, 316, 17, 9.32%, 0, 6, 2, 12.76, 12, 83, 0
1776796297, 0, 0, 319, 319, 17, 9.32%, 0, 6, 2, 11.85, 12, 83, 0
1776796304, 0, 0, 320, 320, 17, 9.32%, 0, 7, 2, 11.98, 12, 83, 0
1776796314, 0, 0, 321, 321, 17, 9.32%, 0, 7, 2, 12.62, 12, 83, 0
1776796320, 0, 0, 322, 322, 17, 9.32%, 0, 8, 2, 1.45, 12, 83, 0
1776796382, 0, 0, 323, 323, 17, 9.32%, 0, 8, 2, 10.89, 12, 84, 0
1776796387, 0, 0, 325, 325, 17, 9.32%, 0, 8, 2, 12.09, 12, 84, 0
1776796393, 0, 0, 326, 326, 17, 9.32%, 0, 8, 2, 1.53, 12, 84, 0
1776796410, 0, 0, 326, 326, 17, 9.32%, 0, 9, 2, 1.46, 12, 84, 0
1776796415, 0, 0, 327, 327, 17, 9.32%, 0, 9, 2, 0.88, 12, 84, 0
1776796466, 0, 0, 329, 329, 17, 9.32%, 0, 9, 2, 0.89, 12, 84, 0
1776796482, 0, 0, 330, 330, 17, 9.32%, 0, 9, 2, 10.56, 12, 84, 0
1776796488, 0, 0, 331, 331, 17, 9.32%, 0, 9, 2, 11.51, 12, 84, 0
1776796493, 0, 0, 332, 332, 17, 9.32%, 0, 9, 2, 0.89, 12, 84, 0
1776796504, 0, 0, 333, 333, 17, 9.32%, 0, 9, 2, 1.42, 12, 84, 0
1776796555, 0, 0, 335, 335, 17, 9.32%, 0, 9, 2, 12.46, 12, 84, 0
1776796560, 0, 0, 336, 336, 17, 9.32%, 0, 9, 2, 9.83, 12, 84, 0
1776796566, 0, 0, 337, 337, 17, 9.32%, 0, 9, 2, 0.87, 12, 84, 0
1776796600, 0, 0, 338, 338, 17, 9.32%, 0, 10, 2, 0.87, 12, 84, 0
1776796644, 0, 0, 339, 339, 17, 9.32%, 0, 10, 2, 8.57, 12, 84, 0
1776796654, 0, 0, 340, 340, 17, 9.32%, 0, 10, 2, 12.89, 12, 84, 0
1776796660, 0, 0, 341, 341, 17, 9.32%, 0, 10, 2, 12.27, 12, 85, 0
1776796665, 0, 0, 343, 343, 17, 9.32%, 0, 10, 2, 10.15, 12, 86, 0
1776796670, 0, 0, 344, 344, 17, 9.36%, 0, 10, 2, 8.99, 12, 87, 0
1776796675, 0, 0, 347, 347, 17, 9.36%, 0, 10, 2, 8.91, 12, 88, 0
1776796680, 0, 0, 350, 350, 17, 9.36%, 0, 10, 2, 10.48, 12, 88, 0
1776796685, 0, 0, 353, 353, 17, 9.36%, 0, 10, 2, 0.87, 12, 88, 0
1776796691, 0, 0, 354, 354, 17, 9.36%, 0, 10, 2, 12.84, 12, 88, 0
1776796696, 0, 0, 357, 357, 17, 9.36%, 0, 10, 2, 8.89, 12, 88, 0
1776796702, 0, 0, 358, 358, 17, 9.36%, 0, 10, 2, 1.46, 12, 88, 0
1776796708, 0, 0, 359, 359, 17, 9.36%, 0, 10, 2, 0.89, 12, 88, 0
1776796736, 0, 0, 361, 361, 17, 9.37%, 0, 10, 2, 8.99, 12, 88, 0
1776796741, 0, 0, 363, 363, 17, 9.37%, 0, 10, 2, 10.64, 12, 88, 0
1776796746, 0, 0, 363, 363, 17, 9.37%, 0, 11, 2, 0.87, 12, 88, 0
1776796763, 0, 0, 364, 364, 17, 9.37%, 0, 11, 2, 10.11, 12, 88, 0
1776796768, 0, 0, 365, 365, 17, 9.37%, 0, 11, 2, 11.42, 12, 88, 0
1776796773, 0, 0, 368, 368, 17, 9.38%, 0, 11, 2, 11.68, 12, 88, 0
1776796800, 0, 0, 370, 370, 17, 9.38%, 0, 11, 2, 12.36, 12, 88, 0
1776796805, 0, 0, 372, 372, 17, 9.38%, 0, 11, 2, 10.86, 12, 88, 0
1776796810, 0, 0, 373, 373, 17, 9.38%, 0, 11, 2, 11.51, 12, 88, 0
1776796815, 0, 0, 375, 375, 17, 9.38%, 0, 11, 2, 10.60, 12, 88, 0
1776796821, 0, 0, 376, 375, 5, 9.38%, 0, 11, 2, 12.52, 12, 88, 0
1776796847, 0, 0, 376, 375, 5, 9.38%, 0, 12, 2, 2.01, 12, 88, 0
1776796863, 0, 0, 378, 377, 5, 9.38%, 0, 12, 2, 1.49, 12, 88, 0
1776796891, 0, 0, 379, 378, 5, 9.38%, 0, 12, 2, 5.88, 12, 88, 0
1776796901, 0, 0, 380, 379, 5, 9.38%, 0, 12, 2, 10.92, 12, 88, 0
1776796928, 0, 0, 383, 382, 5, 9.38%, 0, 12, 2, 9.20, 12, 88, 0
1776796978, 0, 0, 384, 383, 5, 9.38%, 0, 12, 2, 10.97, 12, 88, 0
1776797016, 0, 0, 385, 384, 8, 9.38%, 0, 12, 2, 11.56, 12, 89, 0
1776797026, 0, 0, 386, 385, 8, 9.38%, 0, 12, 2, 10.07, 12, 89, 0
1776797032, 0, 0, 387, 386, 8, 9.38%, 0, 12, 2, 10.09, 12, 89, 0
1776797037, 0, 0, 388, 387, 8, 9.38%, 0, 12, 2, 10.45, 12, 89, 0
1776797042, 0, 0, 389, 388, 8, 9.38%, 0, 12, 2, 10.14, 12, 89, 0
1776797047, 0, 0, 390, 389, 8, 9.38%, 0, 12, 2, 1.47, 12, 89, 0
1776797052, 0, 0, 391, 390, 8, 9.38%, 0, 12, 2, 14.32, 12, 89, 0
1776797084, 0, 0, 392, 391, 8, 9.38%, 0, 12, 2, 10.22, 12, 89, 0
1776797101, 0, 0, 393, 392, 8, 9.38%, 0, 12, 2, 11.60, 12, 89, 0
1776797128, 0, 0, 394, 393, 8, 9.38%, 0, 12, 2, 14.34, 12, 89, 0
1776797150, 0, 0, 394, 393, 7, 9.38%, 0, 12, 2, 11.89, 12, 89, 0
1776797155, 0, 0, 396, 395, 7, 9.38%, 0, 12, 2, 12.75, 12, 90, 0
1776797160, 0, 0, 397, 396, 7, 9.39%, 0, 12, 2, 11.15, 12, 90, 0
1776797166, 0, 0, 400, 399, 7, 9.39%, 0, 12, 2, 10.73, 12, 90, 0
1776797203, 0, 0, 401, 400, 7, 9.39%, 0, 12, 2, 0.88, 12, 90, 0
1776797219, 0, 0, 404, 403, 7, 9.39%, 0, 12, 2, 11.94, 12, 90, 0
1776797224, 0, 0, 405, 404, 7, 9.39%, 0, 12, 2, 11.93, 12, 90, 0
1776797234, 0, 0, 406, 405, 7, 9.39%, 0, 12, 2, 13.66, 12, 90, 0
1776797245, 0, 0, 407, 406, 7, 9.39%, 0, 12, 2, 0.90, 12, 90, 0
1776797279, 0, 0, 407, 406, 6, 9.39%, 0, 12, 2, 16.76, 12, 90, 0
1776797284, 0, 0, 409, 408, 6, 9.39%, 0, 12, 2, 14.15, 12, 90, 0
1776797289, 0, 0, 410, 409, 6, 9.39%, 0, 12, 2, 13.90, 12, 90, 0
1776797317, 0, 0, 411, 410, 6, 9.39%, 0, 12, 2, 13.84, 12, 90, 0
1776797322, 0, 0, 413, 412, 6, 9.39%, 0, 12, 2, 10.28, 12, 90, 0
1776797327, 0, 0, 414, 413, 6, 9.39%, 0, 12, 2, 9.56, 12, 90, 0
1776797355, 0, 0, 415, 414, 6, 9.39%, 0, 12, 2, 1.52, 12, 90, 0
1776797371, 0, 0, 416, 415, 6, 9.39%, 0, 12, 2, 10.19, 12, 90, 0
1776797376, 0, 0, 417, 416, 6, 9.39%, 0, 12, 2, 11.93, 12, 90, 0
1776797386, 0, 0, 418, 417, 6, 9.39%, 0, 12, 2, 11.51, 12, 92, 0
1776797402, 0, 0, 419, 418, 6, 9.39%, 0, 12, 2, 8.60, 12, 92, 0
1776797412, 0, 0, 420, 419, 6, 9.39%, 0, 12, 2, 13.52, 12, 93, 0
1776797434, 0, 0, 421, 420, 6, 9.39%, 0, 12, 2, 11.27, 12, 93, 0
1776797451, 1, 8, 422, 421, 2, 9.39%, 0, 12, 2, 15.89, 12, 93, 0
1776797456, 1, 8, 426, 425, 2, 9.39%, 0, 12, 2, 14.87, 12, 93, 0
1776797461, 1, 8, 428, 427, 2, 9.39%, 0, 12, 2, 13.73, 12, 93, 0
1776797467, 1, 8, 429, 428, 2, 9.39%, 0, 12, 2, 1.46, 12, 93, 0
1776797512, 1, 8, 429, 428, 2, 9.39%, 0, 13, 2, 11.38, 12, 93, 0
1776797522, 1, 8, 430, 429, 2, 9.39%, 0, 13, 2, 13.24, 12, 93, 0
1776797550, 1, 8, 431, 430, 2, 9.39%, 0, 13, 2, 14.46, 12, 93, 0
1776797561, 1, 8, 432, 431, 2, 9.39%, 0, 13, 2, 13.90, 12, 93, 0
1776797566, 1, 8, 433, 432, 2, 9.39%, 0, 13, 2, 0.89, 12, 93, 0
1776797577, 1, 8, 437, 436, 2, 9.39%, 0, 13, 2, 14.20, 12, 93, 0
1776797588, 1, 8, 438, 437, 2, 9.39%, 0, 13, 2, 13.97, 12, 93, 0
1776797605, 1, 8, 439, 438, 2, 9.39%, 0, 13, 2, 0.90, 12, 93, 0
1776797644, 1, 8, 440, 439, 2, 9.39%, 0, 13, 2, 11.77, 12, 93, 0
1776797649, 1, 8, 441, 440, 2, 9.39%, 0, 13, 2, 8.50, 12, 94, 0
1776797655, 1, 8, 442, 441, 2, 9.39%, 0, 13, 2, 7.98, 12, 94, 0
1776797661, 1, 8, 444, 443, 2, 9.39%, 0, 13, 2, 0.89, 12, 94, 0
1776797700, 1, 8, 445, 444, 2, 9.39%, 0, 13, 2, 0.89, 12, 94, 0
1776797717, 1, 8, 446, 445, 2, 9.39%, 0, 13, 2, 8.42, 12, 94, 0
1776797745, 1, 8, 448, 447, 2, 9.41%, 0, 13, 2, 9.29, 12, 94, 0
1776797750, 1, 8, 450, 449, 2, 9.41%, 0, 13, 2, 9.96, 12, 94, 0
1776797756, 1, 8, 451, 450, 2, 9.41%, 0, 13, 2, 0.89, 12, 94, 0
1776797795, 1, 8, 452, 451, 2, 9.41%, 0, 13, 2, 6.76, 12, 94, 0
1776797800, 1, 8, 454, 453, 2, 9.44%, 0, 13, 2, 8.57, 12, 94, 0
1776797833, 1, 8, 455, 454, 2, 9.44%, 0, 13, 2, 8.40, 12, 94, 0
1776797933, 1, 8, 455, 454, 2, 9.44%, 0, 14, 2, 2.03, 12, 94, 0
1776797939, 1, 152, 455, 453, 0, 9.44%, 0, 14, 2, 13.46, 12, 94, 0
1776797955, 1, 152, 457, 455, 0, 9.44%, 0, 14, 3, 0.89, 12, 94, 0
1776798000, 1, 152, 459, 457, 0, 9.44%, 0, 14, 3, 13.84, 12, 94, 0
1776798006, 1, 152, 459, 457, 0, 9.44%, 0, 15, 3, 0.89, 12, 94, 0
1776798033, 1, 152, 460, 458, 0, 9.44%, 0, 15, 3, 9.78, 12, 94, 0
1776798050, 2, 28, 460, 457, 0, 9.44%, 0, 15, 3, 1.16, 12, 94, 0
1776798083, 2, 28, 462, 459, 0, 9.44%, 0, 16, 3, 1.53, 12, 95, 0
1776798100, 2, 28, 463, 460, 0, 9.44%, 0, 16, 3, 9.45, 12, 96, 0
1776798116, 2, 28, 464, 461, 0, 9.44%, 0, 16, 3, 0.89, 12, 96, 0
1776798149, 2, 148, 465, 461, 0, 9.44%, 0, 16, 3, 9.82, 12, 96, 0
1776798154, 2, 148, 466, 462, 0, 9.44%, 0, 16, 3, 7.95, 12, 96, 0
1776798164, 2, 148, 467, 463, 0, 9.44%, 0, 16, 3, 8.20, 12, 96, 0
1776798197, 2, 148, 468, 464, 0, 9.44%, 0, 16, 3, 8.53, 12, 96, 0
1776798202, 2, 148, 469, 465, 0, 9.44%, 0, 16, 3, 8.95, 12, 96, 0
1776798207, 2, 233, 471, 466, 0, 9.44%, 0, 16, 3, 9.73, 12, 99, 0
1776798212, 2, 233, 473, 468, 0, 9.44%, 0, 16, 3, 12.60, 12, 102, 0
1776798217, 2, 233, 474, 469, 0, 9.44%, 0, 16, 3, 12.56, 12, 102, 0
1776798222, 2, 233, 475, 470, 0, 9.44%, 0, 16, 3, 13.23, 12, 102, 0
1776798227, 2, 233, 477, 472, 0, 9.44%, 0, 16, 3, 13.10, 12, 102, 0
1776798232, 2, 233, 478, 473, 0, 9.44%, 0, 16, 3, 13.31, 12, 102, 0
1776798238, 2, 233, 479, 474, 0, 9.44%, 0, 16, 3, 11.87, 12, 102, 0
1776798259, 2, 233, 480, 475, 0, 9.44%, 0, 16, 3, 9.74, 12, 102, 0
1776798270, 2, 233, 481, 476, 0, 9.44%, 0, 16, 3, 13.82, 12, 103, 0
1776798285, 2, 233, 483, 478, 0, 9.44%, 0, 16, 3, 12.27, 12, 103, 0
1776798301, 2, 233, 484, 479, 0, 9.44%, 0, 16, 3, 13.42, 12, 103, 0
1776798306, 2, 233, 487, 482, 0, 9.45%, 0, 16, 3, 12.19, 12, 103, 0
1776798327, 2, 233, 489, 484, 0, 9.45%, 0, 16, 3, 9.88, 12, 104, 0
1776798332, 2, 233, 492, 487, 0, 9.45%, 0, 16, 3, 9.20, 12, 104, 0
1776798338, 2, 233, 495, 490, 0, 9.45%, 0, 16, 3, 8.33, 12, 104, 0
1776798353, 2, 233, 498, 493, 0, 9.45%, 0, 16, 3, 9.07, 12, 104, 0
1776798358, 2, 233, 499, 494, 0, 9.55%, 0, 16, 3, 9.56, 12, 104, 0
1776798364, 2, 233, 502, 497, 0, 9.55%, 0, 16, 3, 9.37, 12, 104, 0
1776798369, 2, 233, 503, 498, 0, 9.55%, 0, 16, 3, 9.19, 12, 104, 0
1776798379, 2, 233, 505, 500, 0, 9.55%, 0, 16, 3, 9.47, 12, 104, 0
1776798384, 2, 233, 506, 501, 0, 9.55%, 0, 16, 3, 9.92, 12, 104, 0
1776798412, 2, 233, 507, 502, 0, 9.55%, 0, 16, 3, 9.72, 12, 104, 0
1776798428, 2, 233, 508, 503, 0, 9.55%, 0, 16, 3, 9.43, 12, 104, 0
1776798438, 2, 233, 509, 504, 0, 9.57%, 0, 16, 3, 9.29, 12, 104, 0
1776798443, 2, 233, 510, 505, 0, 9.57%, 0, 16, 3, 10.14, 12, 104, 0
1776798449, 2, 233, 511, 506, 0, 9.57%, 0, 16, 3, 10.82, 12, 104, 0
1776798487, 2, 233, 512, 507, 0, 9.57%, 0, 16, 3, 9.21, 12, 104, 0
1776798502, 3, 1, 514, 508, 21, 9.57%, 0, 16, 3, 10.77, 12, 104, 0
1776798507, 3, 1, 517, 511, 21, 9.57%, 0, 16, 3, 13.43, 12, 104, 0
1776798518, 3, 1, 519, 513, 21, 9.57%, 0, 16, 3, 14.48, 12, 104, 0
1776798523, 3, 1, 520, 514, 21, 9.57%, 0, 16, 3, 13.97, 12, 104, 0
1776798538, 3, 1, 521, 515, 21, 9.57%, 0, 16, 3, 14.52, 12, 104, 0
1776798548, 3, 1, 522, 516, 21, 9.57%, 0, 16, 3, 15.38, 12, 104, 0
1776798559, 3, 1, 523, 517, 21, 9.57%, 0, 16, 3, 14.83, 12, 104, 0
1776798586, 3, 1, 525, 519, 21, 9.57%, 0, 16, 3, 11.30, 12, 104, 0
1776798596, 3, 1, 526, 520, 21, 9.57%, 0, 16, 3, 11.39, 12, 104, 0
1776798639, 3, 1, 526, 519, 2, 9.57%, 0, 16, 3, 8.11, 12, 104, 0
1776798644, 3, 1, 527, 520, 2, 9.58%, 0, 16, 3, 9.64, 12, 104, 0
1776798650, 3, 1, 528, 521, 2, 9.58%, 0, 16, 3, 0.89, 12, 104, 0
1776798683, 3, 1, 530, 523, 2, 9.58%, 0, 16, 3, 10.96, 12, 104, 0
1776798698, 3, 1, 533, 526, 2, 9.58%, 0, 16, 3, 11.22, 12, 104, 0
1776798704, 3, 1, 537, 530, 2, 9.58%, 0, 16, 3, 9.91, 12, 104, 0
1776798709, 3, 1, 539, 532, 2, 9.58%, 0, 16, 3, 10.39, 12, 104, 0
1776798715, 3, 1, 540, 533, 2, 9.58%, 0, 16, 3, 0.89, 12, 104, 0
1776798720, 3, 1, 541, 534, 2, 9.58%, 0, 16, 3, 9.87, 12, 104, 0
1776798731, 3, 1, 542, 535, 2, 9.58%, 0, 16, 3, 0.87, 12, 104, 0
1776798747, 3, 1, 543, 536, 2, 9.58%, 0, 16, 3, 7.85, 12, 104, 0
1776798752, 3, 1, 544, 537, 2, 9.58%, 0, 16, 3, 10.47, 12, 104, 0
1776798769, 3, 1, 545, 538, 2, 9.58%, 0, 16, 3, 11.44, 12, 104, 0
1776798774, 3, 1, 546, 539, 2, 9.58%, 0, 16, 3, 10.12, 12, 104, 0
1776798784, 3, 1, 547, 540, 2, 9.58%, 0, 16, 3, 11.67, 12, 104, 0
1776798789, 3, 1, 548, 541, 2, 9.58%, 0, 16, 3, 10.64, 12, 104, 0
1776798794, 3, 1, 549, 542, 2, 9.58%, 0, 16, 3, 11.99, 12, 104, 0
1776798800, 3, 1, 549, 542, 4, 9.58%, 0, 16, 3, 12.94, 12, 104, 0
1776798810, 3, 1, 550, 543, 4, 9.58%, 0, 16, 3, 10.96, 12, 104, 0
1776798820, 3, 1, 551, 544, 4, 9.58%, 0, 16, 3, 13.93, 12, 104, 0
1776798825, 3, 1, 552, 545, 4, 9.58%, 0, 16, 3, 14.35, 12, 104, 0
1776798831, 3, 1, 555, 548, 4, 9.58%, 0, 16, 3, 13.43, 12, 104, 0
1776798836, 3, 1, 556, 549, 4, 9.58%, 0, 16, 3, 14.28, 12, 104, 0
1776798841, 3, 1, 558, 551, 4, 9.58%, 0, 16, 3, 12.78, 12, 104, 0
1776798846, 3, 1, 559, 552, 4, 9.58%, 0, 16, 3, 9.35, 12, 104, 0
1776798857, 3, 1, 560, 553, 4, 9.58%, 0, 16, 3, 1.52, 12, 104, 0
1776798874, 3, 1, 561, 554, 4, 9.58%, 0, 16, 3, 0.89, 12, 104, 0
1776798924, 3, 1, 562, 555, 4, 9.58%, 0, 16, 3, 15.32, 12, 104, 0
1776798929, 3, 1, 563, 556, 4, 9.58%, 0, 16, 3, 15.25, 12, 104, 0
1776798934, 3, 1, 565, 558, 4, 9.59%, 0, 16, 3, 12.13, 12, 104, 0
1776798967, 3, 1, 567, 560, 4, 9.59%, 0, 16, 3, 17.43, 12, 104, 0
1776798972, 3, 1, 568, 561, 4, 9.59%, 0, 16, 3, 14.55, 12, 104, 0
1776798977, 3, 1, 569, 562, 4, 9.59%, 0, 16, 3, 15.47, 12, 104, 0
1776798987, 3, 1, 570, 563, 4, 9.59%, 0, 16, 3, 15.17, 12, 104, 0
1776798992, 3, 1, 571, 564, 4, 9.59%, 0, 16, 3, 13.83, 12, 104, 0
1776798997, 3, 1, 573, 566, 4, 9.59%, 0, 16, 3, 10.44, 12, 104, 0
1776799013, 3, 1, 573, 566, 5, 9.59%, 0, 16, 3, 0.88, 12, 104, 0
1776799035, 3, 1, 574, 567, 5, 9.59%, 0, 16, 3, 13.51, 12, 104, 0
1776799041, 3, 1, 575, 568, 5, 9.59%, 0, 16, 3, 9.98, 12, 104, 0
1776799067, 3, 1, 576, 569, 5, 9.59%, 0, 16, 3, 12.55, 12, 104, 0
1776799072, 3, 1, 577, 570, 5, 9.59%, 0, 16, 3, 13.58, 12, 104, 0
1776799083, 3, 161, 577, 570, 0, 9.59%, 0, 16, 3, 11.56, 12, 104, 0
1776799168, 3, 223, 577, 569, 0, 9.59%, 0, 16, 3, 1.53, 12, 104, 0
1776799365, 5, 173, 577, 568, 0, 9.59%, 0, 16, 3, 0.89, 12, 104, 1
1776799386, 5, 173, 578, 569, 0, 9.59%, 0, 16, 3, 9.88, 12, 104, 1
1776799391, 5, 173, 579, 570, 0, 9.59%, 0, 16, 3, 8.58, 12, 104, 1
1776799459, 6, 34, 579, 569, 2, 9.59%, 0, 16, 3, 0.87, 12, 104, 1
1776799475, 6, 34, 581, 571, 2, 9.59%, 0, 16, 3, 15.37, 12, 104, 1
1776799486, 6, 34, 583, 573, 2, 9.59%, 0, 16, 3, 11.77, 12, 105, 1
1776799491, 6, 34, 584, 574, 2, 9.59%, 0, 16, 3, 10.77, 12, 106, 1
1776799496, 6, 34, 584, 574, 2, 9.59%, 0, 17, 3, 1.93, 12, 106, 1
1776799539, 6, 405, 584, 573, 0, 9.59%, 0, 17, 3, 11.09, 12, 106, 1
1776799544, 6, 405, 587, 576, 0, 9.59%, 0, 17, 3, 9.20, 12, 106, 1
1776799571, 6, 405, 588, 577, 0, 9.59%, 0, 17, 3, 0.88, 12, 106, 1
1776799576, 6, 405, 589, 578, 0, 9.61%, 0, 17, 3, 7.74, 12, 106, 1
1776799582, 6, 405, 590, 579, 0, 9.61%, 0, 17, 3, 7.20, 12, 106, 1
1776799587, 6, 405, 591, 580, 0, 9.61%, 0, 17, 3, 8.76, 12, 107, 1
1776799592, 6, 405, 593, 582, 0, 9.61%, 0, 17, 3, 8.80, 12, 107, 1
1776799597, 6, 405, 594, 583, 0, 9.61%, 0, 17, 3, 8.90, 12, 107, 1
1776799602, 6, 405, 596, 585, 0, 9.61%, 0, 17, 3, 8.06, 12, 108, 1
1776799613, 6, 405, 598, 587, 0, 9.61%, 0, 17, 3, 9.88, 12, 108, 1
1776799623, 6, 405, 598, 587, 0, 9.61%, 0, 18, 3, 1.46, 12, 108, 1
1776799635, 6, 405, 599, 588, 0, 9.61%, 0, 18, 3, 1.49, 12, 108, 1
1776799645, 6, 405, 600, 589, 0, 9.61%, 0, 18, 3, 10.36, 12, 108, 1
1776799650, 6, 405, 601, 590, 0, 9.61%, 0, 18, 3, 9.45, 12, 108, 1
1776799672, 6, 405, 602, 591, 0, 9.61%, 0, 18, 3, 9.97, 12, 108, 1
1776799745, 6, 471, 602, 590, 10, 9.61%, 0, 18, 3, 9.40, 12, 108, 1
1776799750, 6, 471, 603, 591, 10, 9.61%, 0, 18, 4, 9.58, 12, 108, 1
1776799755, 6, 471, 604, 592, 10, 9.61%, 0, 18, 4, 8.53, 12, 108, 1
1776799761, 6, 471, 605, 593, 10, 9.61%, 0, 18, 4, 0.87, 12, 108, 1
1776799771, 6, 471, 606, 594, 10, 9.61%, 0, 18, 4, 8.72, 12, 108, 1
1776799858, 6, 471, 607, 595, 10, 9.63%, 0, 18, 4, 10.58, 12, 108, 1
1776799868, 7, 2, 608, 595, 15, 9.63%, 0, 18, 4, 11.12, 12, 108, 1
1776799873, 7, 2, 610, 597, 15, 9.63%, 0, 18, 4, 12.24, 12, 108, 1
1776799878, 7, 2, 611, 598, 15, 9.63%, 0, 18, 4, 11.65, 12, 108, 1
1776799888, 7, 2, 612, 599, 15, 9.63%, 0, 18, 4, 13.93, 12, 108, 1
1776799933, 7, 2, 613, 600, 15, 9.63%, 0, 18, 4, 0.90, 12, 108, 1
1776800005, 7, 2, 614, 601, 15, 9.63%, 0, 18, 4, 8.59, 12, 108, 1
1776800010, 7, 2, 616, 603, 15, 9.63%, 0, 18, 4, 8.86, 12, 108, 1
1776800021, 7, 2, 616, 603, 15, 9.63%, 0, 19, 4, 9.64, 12, 108, 1
1776800031, 7, 2, 618, 605, 15, 9.63%, 0, 19, 4, 9.94, 12, 108, 1
1776800036, 7, 2, 620, 607, 15, 9.63%, 0, 19, 4, 9.96, 12, 108, 1
1776800041, 7, 2, 622, 609, 15, 9.63%, 0, 19, 4, 10.42, 12, 108, 1
1776800047, 7, 2, 623, 610, 15, 9.63%, 0, 19, 4, 10.11, 12, 108, 1
1776800052, 7, 2, 624, 611, 15, 9.63%, 0, 19, 4, 10.64, 12, 108, 1
1776800057, 7, 2, 625, 612, 15, 9.63%, 0, 19, 4, 10.89, 12, 108, 1
1776800062, 7, 2, 626, 613, 15, 9.63%, 0, 19, 4, 10.50, 12, 108, 1
1776800067, 7, 2, 627, 614, 15, 9.63%, 0, 19, 4, 11.21, 12, 108, 1
1776800083, 7, 2, 628, 615, 15, 9.63%, 0, 19, 4, 12.21, 12, 108, 1
1776800132, 7, 2, 628, 615, 15, 9.63%, 0, 20, 4, 1.96, 12, 108, 1
1776800137, 7, 2, 629, 616, 15, 9.63%, 0, 20, 4, 8.52, 12, 108, 1
1776800142, 7, 11, 631, 617, 7, 9.63%, 0, 20, 4, 9.29, 13, 109, 1
1776800202, 7, 11, 632, 618, 7, 9.63%, 0, 20, 4, 0.90, 13, 109, 1
1776800247, 8, 5, 632, 617, 2, 9.63%, 0, 20, 4, 13.93, 13, 109, 1
1776800257, 8, 5, 633, 618, 2, 9.63%, 0, 20, 4, 12.81, 13, 109, 1
1776800263, 8, 5, 635, 620, 2, 9.64%, 0, 20, 4, 0.90, 13, 109, 1
1776800364, 9, 1, 636, 620, 9, 9.64%, 0, 20, 4, 14.01, 13, 109, 1
1776800374, 9, 1, 636, 620, 9, 9.64%, 0, 21, 4, 2.18, 13, 109, 1
1776800385, 9, 1, 637, 621, 9, 9.64%, 0, 21, 4, 16.77, 13, 109, 1
1776800395, 9, 256, 638, 622, 3, 9.64%, 0, 21, 4, 10.96, 13, 109, 1
1776800400, 9, 256, 639, 623, 3, 9.64%, 0, 21, 4, 10.01, 13, 109, 1
1776800405, 9, 256, 640, 624, 3, 9.64%, 0, 21, 4, 9.33, 13, 109, 1
1776800432, 9, 256, 641, 625, 3, 9.64%, 0, 21, 4, 9.25, 13, 109, 1
1776800449, 9, 256, 642, 626, 3, 9.64%, 0, 21, 4, 11.28, 13, 109, 1
1776800493, 9, 436, 644, 627, 4, 9.66%, 0, 21, 4, 11.91, 13, 109, 1
1776800498, 9, 436, 646, 629, 4, 9.66%, 0, 21, 4, 11.27, 13, 109, 1
1776800508, 9, 436, 647, 630, 4, 9.66%, 0, 21, 4, 11.39, 13, 109, 1
1776800524, 9, 436, 648, 631, 4, 9.66%, 0, 21, 4, 12.90, 13, 109, 1
1776800529, 9, 436, 649, 632, 4, 9.66%, 0, 21, 4, 11.13, 13, 109, 1
1776800539, 9, 436, 651, 634, 4, 9.66%, 0, 21, 4, 10.94, 13, 109, 1
1776800560, 9, 436, 652, 635, 4, 9.66%, 0, 21, 4, 12.41, 13, 109, 1
1776800565, 9, 436, 653, 636, 4, 9.66%, 0, 21, 4, 11.88, 13, 109, 1
1776800570, 9, 436, 654, 637, 4, 9.66%, 0, 21, 4, 11.04, 13, 109, 1
1776800575, 9, 436, 656, 639, 4, 9.66%, 0, 21, 4, 12.55, 13, 109, 1
1776800586, 9, 436, 658, 641, 4, 9.66%, 0, 21, 4, 9.93, 13, 109, 1
1776800607, 9, 436, 659, 642, 4, 9.66%, 0, 21, 4, 6.12, 13, 109, 1
1776800651, 10, 79, 660, 642, 0, 9.66%, 0, 21, 4, 13.03, 13, 109, 1
1776800656, 10, 79, 661, 643, 0, 9.66%, 0, 21, 4, 11.52, 13, 109, 1
1776800672, 10, 79, 662, 644, 0, 9.66%, 0, 21, 4, 0.89, 13, 109, 1
1776800698, 10, 629, 663, 644, 0, 9.66%, 0, 21, 4, 8.68, 13, 110, 1
1776800714, 10, 629, 664, 645, 0, 9.66%, 0, 21, 4, 7.75, 13, 110, 1
1776800719, 10, 629, 665, 646, 0, 9.66%, 0, 21, 4, 7.41, 13, 111, 1
1776800735, 10, 629, 666, 647, 0, 9.68%, 0, 21, 4, 8.37, 13, 112, 1
1776800794, 10, 629, 667, 648, 0, 9.68%, 0, 21, 4, 8.05, 13, 112, 1
1776800799, 10, 629, 668, 649, 0, 9.68%, 0, 21, 4, 8.12, 13, 112, 1
1776800804, 10, 629, 669, 650, 0, 9.68%, 0, 21, 4, 7.93, 13, 112, 1
1776800809, 10, 629, 670, 651, 0, 9.68%, 0, 21, 4, 7.90, 13, 112, 1
1776800819, 10, 629, 671, 652, 0, 9.68%, 0, 21, 4, 7.88, 13, 113, 1
1776800881, 10, 629, 672, 653, 0, 9.68%, 0, 21, 4, 7.59, 13, 113, 1
1776800909, 12, 41, 672, 652, 3, 9.68%, 0, 21, 4, 1.05, 13, 113, 1
1776800930, 12, 41, 674, 654, 3, 9.68%, 0, 21, 4, 9.81, 13, 113, 1
1776800940, 12, 41, 675, 655, 3, 9.68%, 0, 21, 4, 10.72, 13, 113, 1
1776800962, 12, 583, 675, 654, 3, 9.68%, 0, 21, 4, 0.86, 13, 113, 1
1776800978, 12, 583, 676, 655, 3, 9.68%, 0, 21, 4, 6.99, 13, 113, 1
1776800999, 12, 583, 677, 656, 3, 9.68%, 0, 21, 4, 7.03, 13, 113, 1
1776801025, 12, 583, 678, 657, 3, 9.68%, 0, 21, 4, 7.33, 13, 113, 1
1776801058, 12, 583, 679, 658, 3, 9.68%, 0, 21, 4, 7.55, 13, 113, 1
1776801063, 12, 583, 680, 659, 3, 9.68%, 0, 21, 4, 6.63, 13, 113, 1
1776801107, 13, 477, 681, 659, 8, 9.68%, 0, 21, 4, 9.19, 13, 113, 1
1776801112, 13, 477, 683, 661, 8, 9.68%, 0, 21, 4, 9.77, 13, 113, 1
1776801123, 13, 477, 684, 662, 8, 9.68%, 0, 21, 4, 11.49, 13, 113, 1
1776801144, 13, 477, 685, 663, 8, 9.68%, 0, 21, 4, 10.59, 13, 113, 1
1776801217, 13, 477, 687, 665, 8, 9.68%, 0, 21, 4, 9.42, 13, 113, 1
1776801233, 13, 477, 688, 666, 8, 9.68%, 0, 21, 4, 8.94, 13, 113, 1
1776801322, 13, 477, 689, 667, 8, 9.68%, 0, 21, 4, 9.64, 13, 113, 1
1776801333, 14, 6, 689, 666, 3, 9.68%, 0, 21, 4, 12.40, 13, 113, 1
1776801354, 14, 6, 691, 668, 3, 9.68%, 0, 21, 4, 11.10, 13, 113, 1
1776801359, 14, 6, 692, 669, 3, 9.68%, 0, 21, 4, 11.27, 13, 113, 1
1776801407, 14, 22, 692, 668, 6, 9.68%, 0, 21, 4, 0.90, 13, 113, 1
1776801480, 14, 22, 693, 669, 6, 9.68%, 0, 21, 4, 11.92, 13, 113, 1
1776801491, 14, 22, 694, 670, 6, 9.68%, 0, 21, 4, 16.15, 13, 113, 1
1776801496, 14, 22, 696, 672, 6, 9.68%, 0, 21, 4, 11.43, 13, 113, 1
1776801501, 14, 22, 698, 674, 6, 9.68%, 0, 21, 4, 11.53, 13, 113, 1
1776801563, 14, 22, 699, 675, 6, 9.68%, 0, 21, 4, 1.55, 13, 113, 1
1776801585, 14, 22, 700, 676, 6, 9.68%, 0, 21, 4, 10.31, 13, 113, 1
1776801596, 14, 22, 701, 677, 6, 9.68%, 0, 21, 4, 16.12, 13, 113, 1
1776801601, 14, 22, 702, 678, 6, 9.68%, 0, 21, 4, 10.88, 13, 113, 1
1776801644, 14, 22, 703, 679, 6, 9.68%, 0, 21, 4, 12.22, 13, 113, 1
1776801655, 15, 8, 703, 678, 2, 9.68%, 0, 21, 4, 12.13, 13, 113, 1
1776801676, 15, 8, 705, 680, 2, 9.68%, 0, 21, 4, 13.29, 13, 113, 1
1776801681, 15, 8, 706, 681, 2, 9.68%, 0, 21, 4, 12.73, 13, 113, 1
1776801686, 15, 8, 707, 682, 2, 9.68%, 0, 21, 4, 11.71, 13, 113, 1
1776801691, 15, 8, 709, 684, 2, 9.70%, 0, 21, 4, 10.52, 13, 113, 1
1776801696, 15, 8, 710, 685, 2, 9.70%, 0, 21, 4, 11.40, 13, 113, 1
1776801707, 15, 8, 711, 686, 2, 9.70%, 0, 21, 4, 11.72, 13, 113, 1
1776801712, 15, 8, 712, 687, 2, 9.70%, 0, 21, 4, 10.69, 13, 113, 1
1776801722, 15, 8, 714, 689, 2, 9.70%, 0, 21, 4, 10.99, 13, 113, 1
1776801737, 16, 8, 717, 692, 5, 9.70%, 0, 21, 4, 10.18, 13, 113, 1
1776801748, 16, 8, 718, 693, 5, 9.70%, 0, 21, 4, 12.64, 13, 113, 1
1776801758, 16, 8, 719, 694, 5, 9.70%, 0, 21, 4, 12.68, 13, 113, 1
1776801768, 16, 8, 721, 696, 5, 9.70%, 0, 21, 4, 12.42, 13, 113, 1
1776801784, 16, 8, 722, 697, 5, 9.70%, 0, 21, 4, 13.63, 13, 113, 1
1776801789, 16, 8, 723, 698, 5, 9.71%, 0, 21, 4, 14.05, 13, 113, 1
1776801794, 16, 8, 724, 699, 5, 9.71%, 0, 21, 4, 1.51, 13, 114, 1
1776801810, 16, 8, 725, 700, 5, 9.71%, 0, 21, 4, 12.86, 13, 114, 1
1776801820, 16, 8, 727, 702, 5, 9.71%, 0, 21, 4, 13.29, 13, 114, 1
1776801891, 16, 461, 727, 702, 5, 9.71%, 0, 21, 4, 0.88, 13, 114, 1
1776802108, 18, 281, 727, 701, 4, 9.71%, 0, 21, 4, 0.03, 13, 114, 2
1776802114, 18, 281, 727, 701, 4, 9.71%, 0, 22, 4, 0.89, 13, 114, 2
1776802140, 18, 281, 729, 703, 4, 9.71%, 0, 22, 4, 8.48, 13, 114, 2
1776802212, 18, 281, 730, 704, 4, 9.71%, 0, 22, 4, 9.03, 13, 114, 2
1776802217, 18, 664, 730, 703, 3, 9.71%, 0, 22, 4, 1.55, 13, 114, 2
1776802238, 18, 664, 731, 704, 3, 9.71%, 0, 22, 4, 5.52, 13, 115, 2
1776802296, 18, 664, 732, 705, 3, 9.71%, 0, 22, 4, 6.49, 13, 115, 2
1776802312, 19, 519, 732, 704, 2, 9.71%, 0, 22, 4, 8.33, 13, 115, 2
1776802377, 19, 519, 733, 705, 2, 9.71%, 0, 22, 4, 8.43, 13, 115, 2
1776802392, 19, 519, 734, 706, 2, 9.71%, 0, 22, 4, 7.01, 13, 115, 2
1776802459, 20, 461, 734, 705, 4, 9.71%, 0, 22, 4, 0.89, 13, 115, 2
1776802624, 20, 461, 734, 705, 4, 9.71%, 0, 23, 4, 0.90, 13, 115, 2
1776802640, 20, 588, 734, 705, 4, 9.71%, 0, 23, 4, 6.00, 13, 115, 2
1776802657, 20, 588, 735, 706, 4, 9.71%, 0, 23, 4, 0.90, 13, 115, 2
1776802668, 20, 588, 736, 707, 4, 9.71%, 0, 23, 4, 6.09, 13, 115, 2
1776803066, 20, 588, 736, 707, 4, 9.71%, 0, 24, 4, 0.96, 13, 115, 2
1776803077, 21, 478, 736, 706, 11, 9.71%, 0, 24, 4, 7.31, 13, 115, 2
1776803082, 21, 478, 737, 707, 11, 9.74%, 0, 24, 4, 8.04, 13, 115, 2
1776803283, 22, 8, 738, 707, 3, 9.74%, 0, 24, 4, 10.26, 13, 115, 2
1776803288, 22, 8, 739, 708, 3, 9.74%, 0, 24, 4, 9.13, 13, 115, 2
1776803293, 22, 8, 740, 709, 3, 9.74%, 0, 24, 4, 9.86, 13, 115, 2
1776803298, 22, 8, 741, 710, 3, 9.74%, 0, 24, 4, 10.83, 13, 115, 2
1776803319, 22, 23, 741, 710, 3, 9.74%, 0, 24, 4, 12.79, 13, 115, 2
1776803324, 22, 23, 742, 711, 3, 9.74%, 0, 24, 4, 10.67, 13, 115, 2
1776803341, 22, 23, 743, 712, 3, 9.74%, 0, 24, 4, 12.39, 13, 115, 2
1776803346, 22, 23, 744, 713, 3, 9.74%, 0, 24, 4, 10.85, 13, 116, 2
1776803367, 23, 11, 744, 712, 6, 9.74%, 0, 24, 4, 12.06, 13, 116, 2
1776803372, 23, 11, 746, 714, 6, 9.74%, 0, 24, 4, 12.15, 13, 116, 2
1776803397, 24, 552, 746, 714, 5, 9.74%, 0, 24, 4, 8.79, 13, 116, 2
1776803470, 25, 461, 746, 713, 4, 9.74%, 0, 24, 4, 0.09, 13, 116, 3
1776803666, 26, 602, 746, 713, 4, 9.74%, 0, 24, 4, 1.41, 13, 116, 3
1776803927, 27, 582, 747, 713, 3, 9.74%, 0, 24, 4, 0.14, 13, 117, 4
1776803933, 27, 582, 749, 715, 3, 9.74%, 0, 24, 4, 11.12, 13, 117, 4
1776803938, 27, 582, 750, 716, 3, 9.74%, 0, 24, 4, 11.61, 13, 117, 4
1776803958, 27, 582, 751, 717, 3, 9.74%, 0, 24, 4, 9.45, 13, 117, 4
1776804005, 27, 582, 752, 718, 3, 9.74%, 0, 24, 4, 11.63, 13, 118, 4
1776804058, 27, 589, 752, 717, 5, 9.74%, 0, 24, 4, 8.01, 13, 118, 4
1776804069, 27, 589, 753, 718, 5, 9.74%, 0, 24, 4, 7.75, 13, 118, 4
1776804090, 27, 589, 753, 718, 5, 9.74%, 0, 25, 4, 6.99, 13, 118, 4
1776804244, 28, 481, 753, 717, 11, 9.74%, 0, 25, 4, 7.84, 13, 118, 4
1776804265, 28, 481, 755, 719, 11, 9.75%, 0, 25, 4, 7.28, 13, 118, 4
1776804331, 28, 668, 756, 719, 3, 9.75%, 0, 25, 4, 8.14, 13, 118, 4
1776804357, 28, 668, 757, 720, 3, 9.75%, 0, 25, 4, 0.91, 13, 118, 4
1776804468, 28, 668, 758, 721, 3, 9.75%, 0, 25, 4, 6.63, 13, 118, 4
1776804539, 28, 668, 759, 722, 3, 9.75%, 0, 25, 4, 6.25, 13, 118, 4
1776804586, 28, 668, 760, 723, 3, 9.75%, 0, 25, 4, 5.94, 13, 118, 4
1776804591, 28, 668, 761, 724, 3, 9.75%, 0, 25, 4, 6.19, 13, 119, 4
1776804761, 28, 668, 762, 725, 3, 9.75%, 0, 25, 4, 6.68, 13, 119, 4
1776804784, 29, 11, 762, 724, 9, 9.75%, 0, 25, 4, 8.53, 13, 119, 4
1776804877, 29, 595, 762, 724, 9, 9.75%, 0, 25, 4, 0.93, 13, 119, 4
1776805073, 30, 509, 762, 723, 8, 9.75%, 0, 25, 4, 0.90, 13, 119, 5
1776805249, 31, 12, 765, 725, 7, 9.75%, 0, 25, 4, 8.83, 13, 120, 5
1776805260, 31, 12, 766, 726, 7, 9.75%, 0, 25, 4, 1.55, 13, 120, 5
1776805276, 31, 12, 768, 728, 7, 9.75%, 0, 25, 4, 16.34, 13, 120, 5
1776805281, 31, 12, 769, 729, 7, 9.75%, 0, 25, 4, 17.88, 13, 120, 5
1776805286, 31, 12, 770, 730, 7, 9.75%, 0, 25, 4, 14.88, 13, 120, 5
1776805291, 31, 12, 771, 731, 7, 9.75%, 0, 25, 4, 14.60, 13, 120, 5
1776805296, 31, 12, 772, 732, 7, 9.75%, 0, 25, 4, 14.76, 13, 120, 5
1776805301, 31, 12, 773, 733, 7, 9.75%, 0, 25, 4, 14.02, 13, 120, 5
1776805306, 31, 12, 774, 734, 7, 9.75%, 0, 25, 4, 14.07, 13, 120, 5
1776805311, 31, 12, 776, 736, 7, 9.75%, 0, 25, 4, 13.34, 13, 120, 5
1776805321, 31, 14, 776, 735, 12, 9.75%, 0, 25, 4, 14.75, 13, 120, 5
1776805386, 31, 14, 777, 736, 12, 9.75%, 0, 25, 4, 9.28, 13, 120, 5
1776805391, 31, 18, 779, 737, 13, 9.75%, 0, 25, 4, 10.08, 13, 120, 5
1776805488, 31, 22, 779, 736, 12, 9.75%, 0, 25, 4, 13.88, 13, 120, 5
1776805515, 31, 22, 781, 738, 12, 9.75%, 0, 25, 4, 13.37, 13, 120, 5
1776805520, 31, 22, 782, 739, 12, 9.75%, 0, 25, 4, 11.87, 13, 120, 5
1776805525, 31, 22, 783, 740, 12, 9.75%, 0, 25, 4, 13.02, 13, 120, 5
1776805546, 31, 23, 783, 740, 14, 9.75%, 0, 25, 4, 13.32, 13, 120, 5
1776805551, 31, 23, 784, 741, 14, 9.75%, 0, 25, 4, 12.01, 13, 120, 5
1776805571, 31, 28, 784, 741, 14, 9.75%, 0, 25, 4, 12.70, 13, 120, 5
1776805577, 31, 28, 785, 742, 14, 9.75%, 0, 25, 4, 0.90, 13, 120, 5
1776805614, 31, 28, 786, 743, 14, 9.75%, 0, 25, 4, 9.31, 13, 120, 5
1776805619, 32, 14, 786, 743, 7, 9.75%, 0, 25, 4, 21.88, 13, 120, 5
1776805650, 32, 602, 786, 743, 7, 9.75%, 0, 25, 4, 0.91, 13, 120, 5
1776805893, 33, 31, 786, 743, 7, 9.75%, 0, 25, 4, 0.13, 13, 120, 6
1776805903, 33, 31, 787, 744, 7, 9.75%, 0, 25, 4, 15.33, 13, 120, 6
1776805908, 33, 31, 789, 746, 7, 9.75%, 0, 25, 4, 12.57, 13, 120, 6
1776805914, 33, 31, 791, 748, 7, 9.75%, 0, 25, 4, 10.95, 13, 120, 6
1776806023, 33, 34, 791, 747, 6, 9.75%, 0, 25, 4, 0.88, 13, 120, 6
1776806044, 33, 34, 792, 748, 6, 9.75%, 0, 25, 4, 10.83, 13, 120, 6
1776806071, 34, 41, 792, 748, 6, 9.75%, 0, 25, 4, 10.05, 13, 120, 6
1776806097, 35, 14, 792, 748, 6, 9.75%, 0, 25, 4, 12.34, 13, 120, 6
1776806102, 35, 14, 793, 749, 6, 9.75%, 0, 25, 4, 12.01, 13, 120, 6
1776806107, 35, 14, 794, 750, 6, 9.75%, 0, 25, 4, 10.55, 13, 120, 6
1776806112, 35, 14, 795, 751, 6, 9.75%, 0, 25, 4, 9.85, 13, 120, 6
1776806122, 35, 14, 796, 752, 6, 9.75%, 0, 25, 4, 11.03, 13, 120, 6
1776806133, 35, 53, 796, 752, 15, 9.75%, 0, 25, 4, 0.91, 13, 120, 6
1776806265, 35, 446, 796, 751, 14, 9.75%, 0, 25, 4, 0.88, 13, 120, 6
1776806280, 35, 446, 797, 752, 14, 9.75%, 0, 25, 4, 8.65, 13, 120, 6
1776806367, 36, 8, 797, 751, 4, 9.75%, 0, 25, 4, 18.05, 13, 120, 6
1776806399, 36, 28, 798, 752, 4, 9.75%, 0, 25, 4, 13.17, 13, 120, 6
1776806503, 36, 31, 798, 752, 4, 9.75%, 0, 25, 4, 0.91, 13, 120, 6
1776806540, 36, 31, 800, 754, 4, 9.75%, 0, 25, 4, 8.98, 13, 120, 6
1776806591, 36, 54, 800, 754, 13, 9.75%, 0, 25, 4, 15.79, 13, 120, 6
1776806601, 36, 54, 801, 755, 13, 9.76%, 0, 25, 4, 12.23, 13, 120, 6
1776806617, 37, 8, 802, 755, 4, 9.76%, 0, 25, 4, 14.88, 13, 120, 6
1776806628, 37, 8, 804, 757, 4, 9.76%, 0, 25, 4, 1.56, 13, 120, 6
1776806695, 38, 18, 804, 757, 4, 9.76%, 0, 25, 4, 12.86, 13, 120, 6
1776806717, 38, 18, 805, 758, 4, 9.76%, 0, 25, 4, 13.56, 13, 120, 6
1776806722, 38, 18, 806, 759, 4, 9.76%, 0, 25, 4, 13.38, 13, 120, 6
1776806727, 38, 18, 807, 760, 4, 9.76%, 0, 25, 4, 2.34, 13, 120, 6
1776806748, 38, 61, 808, 761, 14, 9.76%, 0, 25, 4, 12.21, 13, 120, 6
1776806791, 38, 61, 810, 763, 14, 9.76%, 0, 25, 4, 3.17, 13, 120, 6
1776806801, 38, 748, 810, 762, 2, 9.76%, 0, 25, 4, 8.64, 13, 120, 6
1776806848, 39, 604, 810, 761, 2, 9.76%, 0, 25, 4, 9.13, 13, 120, 6
1776806907, 39, 604, 811, 762, 2, 9.76%, 0, 25, 5, 8.73, 13, 120, 6
1776806965, 39, 604, 812, 763, 2, 9.76%, 0, 25, 5, 1.56, 13, 120, 6
1776807049, 40, 18, 812, 762, 6, 9.76%, 0, 25, 5, 0.91, 13, 120, 6
1776807191, 40, 22, 812, 762, 6, 9.76%, 0, 25, 5, 13.75, 13, 120, 6
1776807201, 40, 22, 813, 763, 6, 9.76%, 0, 25, 5, 13.02, 13, 120, 6
1776807222, 40, 23, 813, 763, 5, 9.76%, 0, 25, 5, 2.27, 13, 120, 6
1776807232, 40, 23, 815, 765, 5, 9.76%, 0, 25, 5, 11.55, 13, 121, 6
1776807252, 40, 34, 816, 766, 5, 9.76%, 0, 25, 5, 2.34, 13, 121, 6
1776807263, 40, 34, 817, 767, 5, 9.76%, 0, 25, 5, 12.45, 13, 121, 6
1776807278, 40, 174, 817, 767, 14, 9.76%, 0, 25, 5, 11.31, 13, 121, 6
1776807338, 40, 174, 818, 768, 14, 9.76%, 0, 25, 5, 12.05, 13, 121, 6
1776807410, 40, 605, 818, 767, 14, 9.76%, 0, 25, 5, 1.61, 13, 121, 6
1776807654, 41, 41, 818, 766, 13, 9.76%, 0, 25, 5, 10.06, 13, 121, 7
1776807659, 41, 41, 819, 767, 13, 9.76%, 0, 25, 5, 11.96, 13, 121, 7
1776807664, 41, 41, 820, 768, 13, 9.76%, 0, 25, 5, 10.18, 13, 121, 7
1776807712, 41, 41, 821, 769, 13, 9.76%, 0, 25, 5, 10.65, 13, 121, 7
1776807718, 42, 28, 821, 769, 5, 9.76%, 0, 25, 5, 11.07, 13, 121, 7
1776807749, 42, 28, 822, 770, 5, 9.76%, 0, 25, 5, 10.70, 13, 121, 7
1776807755, 42, 606, 823, 771, 5, 9.76%, 0, 25, 5, 10.89, 13, 121, 7
1776807780, 42, 606, 824, 772, 5, 9.76%, 0, 25, 5, 7.21, 13, 121, 7
1776807828, 42, 606, 825, 773, 5, 9.76%, 0, 25, 5, 7.76, 13, 121, 7
1776807919, 42, 606, 826, 774, 5, 9.76%, 0, 25, 5, 8.41, 13, 121, 7
1776808023, 43, 191, 826, 773, 14, 9.76%, 0, 25, 5, 8.42, 13, 121, 7
1776808100, 44, 54, 826, 772, 14, 9.76%, 0, 25, 5, 11.99, 13, 121, 8
1776808127, 44, 54, 826, 772, 14, 9.76%, 0, 26, 5, 2.07, 13, 121, 8
1776808149, 44, 244, 826, 772, 14, 9.76%, 0, 26, 5, 1.56, 13, 121, 8
1776808258, 44, 244, 826, 772, 14, 9.76%, 0, 27, 5, 1.54, 13, 121, 8
1776808307, 45, 13, 826, 771, 14, 9.76%, 0, 27, 5, 0.04, 13, 121, 9
1776808318, 45, 13, 827, 772, 14, 9.76%, 0, 27, 5, 17.22, 13, 121, 9
1776808333, 45, 256, 827, 771, 14, 9.76%, 0, 27, 5, 13.11, 13, 121, 9
1776808445, 45, 605, 827, 771, 14, 9.76%, 0, 27, 5, 0.92, 13, 121, 9
1776808646, 46, 404, 827, 771, 14, 9.76%, 0, 27, 5, 1.50, 13, 121, 10
1776808812, 46, 597, 827, 770, 14, 9.76%, 0, 27, 5, 1.36, 13, 121, 10
1776808885, 47, 526, 827, 769, 14, 9.76%, 0, 27, 5, 8.50, 13, 121, 11
1776809085, 47, 751, 827, 768, 13, 9.76%, 0, 27, 5, 0.89, 13, 121, 11
1776809356, 48, 461, 827, 767, 12, 9.76%, 0, 27, 5, 0.13, 13, 121, 12
1776809464, 48, 461, 828, 768, 12, 9.76%, 0, 27, 5, 7.67, 13, 121, 12
1776809479, 48, 536, 828, 768, 12, 9.76%, 0, 27, 5, 8.08, 13, 121, 12
1776809593, 49, 261, 828, 767, 11, 9.76%, 0, 27, 5, 7.53, 13, 121, 12
1776809598, 49, 261, 829, 768, 11, 9.76%, 0, 27, 5, 7.03, 13, 121, 12
1776809643, 49, 261, 830, 769, 11, 9.76%, 0, 27, 5, 8.26, 13, 121, 12
1776809664, 50, 22, 830, 768, 6, 9.76%, 0, 27, 5, 0.91, 13, 121, 12
1776809717, 50, 22, 831, 769, 6, 9.76%, 0, 27, 5, 12.74, 13, 121, 12
1776809732, 50, 34, 831, 769, 6, 9.76%, 0, 27, 5, 13.17, 13, 121, 12
1776809775, 50, 301, 831, 769, 6, 9.76%, 0, 27, 5, 11.07, 13, 121, 12
1776809935, 50, 301, 832, 770, 6, 9.76%, 0, 27, 5, 8.29, 13, 121, 12
1776809961, 50, 602, 832, 769, 6, 9.76%, 0, 27, 5, 6.12, 13, 121, 12
1776810087, 51, 343, 832, 769, 6, 9.76%, 0, 27, 5, 6.29, 13, 121, 12
1776810134, 51, 343, 833, 770, 6, 9.76%, 0, 27, 5, 6.63, 13, 121, 12
1776810144, 51, 605, 833, 769, 5, 9.76%, 0, 27, 5, 7.16, 13, 121, 12
1776810183, 51, 605, 834, 770, 5, 9.76%, 0, 27, 5, 6.48, 13, 121, 12
1776810308, 52, 41, 834, 770, 4, 9.76%, 0, 27, 5, 0.91, 13, 121, 12
1776810339, 52, 59, 834, 770, 4, 9.76%, 0, 27, 5, 15.42, 13, 121, 12
1776810368, 52, 609, 835, 770, 4, 9.76%, 0, 27, 5, 0.44, 13, 121, 13
1776810515, 52, 609, 835, 770, 4, 9.76%, 0, 28, 5, 0.91, 13, 121, 13
1776810554, 53, 344, 835, 769, 4, 9.76%, 0, 28, 5, 0.94, 13, 121, 13
1776810668, 53, 344, 836, 770, 4, 9.76%, 0, 28, 5, 5.30, 13, 121, 13
1776810767, 53, 760, 836, 769, 4, 9.76%, 0, 28, 5, 5.76, 13, 121, 13
1776811110, 54, 369, 836, 768, 3, 9.76%, 0, 28, 5, 0.02, 13, 121, 14
1776811238, 54, 761, 836, 767, 2, 9.76%, 0, 28, 5, 7.57, 13, 121, 14
1776811279, 54, 761, 837, 768, 2, 9.76%, 0, 28, 5, 7.65, 13, 121, 14
1776811285, 54, 761, 838, 769, 2, 9.76%, 0, 28, 5, 7.19, 13, 121, 14
1776811290, 54, 761, 839, 770, 2, 9.77%, 0, 28, 5, 7.12, 13, 121, 14
1776811295, 54, 761, 840, 771, 2, 9.77%, 0, 28, 5, 7.03, 13, 121, 14
1776811409, 54, 761, 841, 772, 2, 9.77%, 0, 28, 5, 7.19, 13, 121, 14
1776811435, 54, 761, 842, 773, 2, 9.77%, 0, 28, 5, 6.71, 13, 121, 14
1776811441, 54, 761, 843, 774, 2, 9.79%, 0, 28, 5, 7.03, 13, 121, 14
1776811490, 54, 836, 843, 773, 5, 9.79%, 0, 28, 5, 7.16, 13, 121, 14
1776811510, 54, 836, 844, 774, 5, 9.79%, 0, 28, 6, 7.20, 13, 121, 14
1776811515, 54, 836, 845, 775, 5, 9.79%, 0, 28, 6, 7.77, 13, 121, 14
1776811520, 54, 836, 846, 776, 5, 9.79%, 0, 28, 6, 7.87, 13, 121, 14
1776811531, 54, 836, 847, 777, 5, 9.79%, 0, 28, 6, 6.82, 13, 121, 14
1776811844, 55, 446, 847, 776, 12, 9.79%, 0, 28, 6, 0.04, 13, 121, 15
1776811953, 55, 683, 847, 776, 12, 9.79%, 0, 28, 6, 7.49, 13, 121, 15
1776812141, 56, 614, 847, 775, 11, 9.79%, 0, 28, 6, 0.09, 13, 121, 16
1776812209, 56, 838, 847, 774, 10, 9.79%, 0, 28, 6, 7.18, 13, 121, 16
1776812220, 56, 838, 848, 775, 10, 9.79%, 0, 28, 6, 6.79, 13, 121, 16
1776812225, 56, 838, 849, 776, 10, 9.79%, 0, 28, 6, 6.77, 13, 121, 16
1776812279, 56, 838, 850, 777, 10, 9.79%, 0, 28, 6, 6.30, 13, 121, 16
1776812365, 56, 838, 851, 778, 10, 9.79%, 0, 28, 6, 7.12, 13, 121, 16
1776812490, 57, 461, 851, 777, 5, 9.79%, 0, 28, 6, 6.73, 13, 121, 16
1776812714, 58, 677, 851, 777, 5, 9.79%, 0, 28, 6, 0.01, 13, 121, 17
1776812719, 58, 677, 852, 778, 5, 9.79%, 0, 28, 6, 9.29, 13, 121, 17
1776812724, 58, 677, 853, 779, 5, 9.79%, 0, 28, 6, 8.93, 13, 121, 17
1776812761, 58, 677, 854, 780, 5, 9.79%, 0, 28, 6, 8.87, 13, 121, 17
1776812931, 59, 602, 854, 779, 11, 9.79%, 0, 28, 6, 0.02, 13, 121, 18
1776812952, 59, 602, 855, 780, 11, 9.79%, 0, 28, 6, 6.12, 13, 121, 18
1776813001, 59, 602, 855, 780, 11, 9.79%, 0, 29, 6, 1.45, 13, 121, 18
1776813127, 59, 613, 855, 780, 11, 9.79%, 0, 29, 6, 0.92, 13, 121, 18
1776813255, 59, 613, 855, 780, 11, 9.79%, 0, 30, 6, 0.97, 13, 121, 18
1776813298, 60, 614, 855, 779, 10, 9.79%, 0, 30, 6, 0.25, 13, 121, 19
1776813391, 60, 615, 855, 779, 10, 9.79%, 0, 30, 6, 8.75, 13, 121, 19
1776813560, 61, 687, 855, 778, 10, 9.79%, 0, 30, 6, 7.33, 13, 121, 20
1776813702, 61, 687, 856, 779, 10, 9.79%, 0, 30, 6, 8.64, 13, 121, 20
1776813723, 62, 605, 856, 778, 9, 9.79%, 0, 30, 6, 0.70, 13, 121, 20
1776813945, 63, 613, 856, 778, 9, 9.79%, 0, 30, 6, 0.93, 13, 121, 20
1776814125, 64, 736, 856, 778, 9, 9.79%, 0, 30, 6, 0.90, 13, 121, 20
1776814141, 64, 736, 857, 779, 9, 9.79%, 0, 30, 6, 15.27, 13, 121, 20
1776814146, 64, 736, 858, 780, 9, 9.80%, 0, 30, 6, 14.15, 13, 121, 20
1776814176, 64, 736, 859, 781, 9, 9.84%, 0, 30, 6, 15.53, 13, 121, 20
1776814207, 64, 736, 861, 783, 9, 9.84%, 0, 30, 6, 13.41, 13, 121, 20
1776814228, 64, 736, 863, 785, 9, 9.84%, 0, 30, 6, 8.62, 13, 121, 20
1776814238, 64, 736, 864, 786, 9, 9.86%, 0, 30, 6, 9.66, 13, 121, 20
1776814312, 65, 660, 864, 785, 9, 9.86%, 0, 30, 6, 14.15, 13, 121, 20
1776814414, 65, 687, 864, 784, 8, 9.86%, 0, 30, 6, 0.03, 13, 121, 21
1776814504, 66, 23, 864, 784, 8, 9.86%, 0, 30, 6, 8.38, 13, 121, 21
1776814573, 66, 753, 864, 784, 8, 9.86%, 0, 30, 6, 9.51, 13, 121, 22
1776814726, 66, 764, 864, 783, 7, 9.86%, 0, 30, 6, 0.92, 13, 121, 22
1776814793, 66, 764, 865, 784, 7, 9.86%, 0, 30, 6, 0.92, 13, 121, 22
1776814970, 66, 810, 865, 783, 8, 9.86%, 0, 30, 6, 0.92, 13, 121, 22
1776815023, 66, 810, 866, 784, 8, 9.86%, 0, 30, 6, 5.65, 13, 121, 22
1776815315, 67, 729, 866, 783, 2, 9.86%, 0, 30, 6, 1.53, 13, 121, 22
1776815472, 68, 14, 866, 782, 1, 9.86%, 0, 30, 6, 0.03, 13, 121, 23
1776815477, 68, 14, 867, 783, 1, 9.86%, 0, 30, 6, 16.71, 13, 121, 23
1776815498, 68, 14, 869, 785, 1, 9.86%, 0, 30, 6, 17.22, 13, 121, 23
1776815508, 68, 14, 870, 786, 1, 9.86%, 0, 30, 6, 0.92, 13, 121, 23
1776815514, 68, 784, 870, 786, 1, 9.86%, 0, 30, 6, 0.92, 13, 121, 23
1776815530, 68, 784, 871, 787, 1, 9.86%, 0, 30, 6, 7.93, 13, 121, 23
1776815649, 68, 784, 872, 788, 1, 9.86%, 0, 30, 6, 6.07, 13, 121, 23
1776815682, 68, 784, 873, 789, 1, 9.86%, 0, 30, 6, 0.92, 13, 121, 23
1776815742, 68, 800, 873, 788, 7, 9.86%, 0, 30, 6, 0.99, 13, 121, 23
1776815779, 68, 800, 873, 788, 7, 9.86%, 0, 31, 6, 0.92, 13, 121, 23
1776815915, 68, 809, 874, 788, 6, 9.86%, 0, 31, 6, 6.94, 13, 121, 23
1776815991, 69, 735, 874, 787, 1, 9.86%, 0, 31, 6, 1.07, 13, 121, 23
1776816001, 69, 735, 876, 789, 1, 9.86%, 0, 31, 6, 6.14, 13, 121, 23
1776816061, 69, 735, 876, 789, 1, 9.86%, 0, 32, 6, 1.43, 13, 121, 23
1776816106, 69, 735, 877, 790, 1, 9.87%, 0, 32, 6, 6.40, 13, 122, 23
1776816507, 69, 824, 877, 789, 5, 9.87%, 0, 32, 6, 0.03, 13, 122, 24
1776816560, 69, 824, 878, 790, 5, 9.87%, 0, 32, 6, 7.43, 13, 122, 24
1776816626, 69, 824, 879, 791, 5, 9.87%, 0, 32, 6, 7.81, 13, 122, 24
1776816713, 70, 28, 879, 790, 4, 9.87%, 0, 32, 6, 10.56, 13, 122, 24
1776816760, 70, 660, 879, 790, 4, 9.87%, 0, 32, 6, 9.65, 13, 122, 24
1776816920, 70, 823, 879, 790, 4, 9.87%, 0, 32, 6, 7.15, 13, 122, 25
1776816930, 70, 823, 880, 791, 4, 9.87%, 0, 32, 6, 6.17, 13, 122, 25
1776817006, 70, 823, 881, 792, 4, 9.87%, 0, 32, 6, 8.74, 13, 122, 25
1776817012, 70, 823, 882, 793, 4, 9.87%, 0, 32, 6, 0.92, 13, 122, 25
1776817023, 70, 823, 883, 794, 4, 9.87%, 0, 32, 6, 7.84, 13, 122, 25
1776817116, 71, 828, 883, 793, 1, 9.87%, 0, 32, 6, 0.90, 13, 122, 25
1776817270, 71, 858, 883, 792, 0, 9.87%, 0, 32, 6, 0.92, 13, 122, 25
1776817361, 71, 858, 884, 793, 0, 9.87%, 0, 32, 6, 10.19, 13, 122, 25
1776817400, 71, 858, 885, 794, 0, 9.87%, 0, 32, 6, 9.76, 13, 122, 25
1776817437, 71, 858, 886, 795, 0, 9.87%, 0, 32, 6, 8.87, 13, 122, 25
1776817443, 71, 858, 887, 796, 0, 9.87%, 0, 32, 6, 10.47, 13, 122, 25
1776817448, 71, 858, 889, 798, 0, 9.87%, 0, 32, 6, 9.51, 13, 122, 25
1776817474, 71, 858, 890, 799, 0, 9.87%, 0, 32, 6, 8.28, 13, 122, 25
1776817522, 72, 687, 890, 798, 4, 9.87%, 0, 32, 6, 10.73, 13, 122, 25
1776817640, 72, 687, 891, 799, 4, 9.87%, 0, 32, 6, 6.07, 13, 122, 25
1776817651, 72, 687, 892, 800, 4, 9.87%, 0, 32, 6, 6.38, 13, 122, 25
1776817706, 72, 735, 892, 800, 2, 9.87%, 0, 32, 6, 0.92, 13, 122, 25
1776818000, 72, 861, 892, 800, 2, 9.87%, 0, 32, 6, 0.90, 13, 122, 26
1776818016, 72, 861, 893, 801, 2, 9.87%, 0, 32, 6, 6.82, 13, 122, 26
1776818068, 72, 861, 894, 802, 2, 9.87%, 0, 32, 6, 6.90, 13, 122, 26
1776818106, 72, 861, 895, 803, 2, 9.87%, 0, 32, 6, 0.92, 13, 122, 26
1776818252, 72, 874, 895, 802, 3, 9.87%, 0, 32, 6, 0.92, 13, 122, 26
1776818366, 72, 874, 896, 803, 3, 9.87%, 0, 32, 6, 7.43, 13, 122, 26
1776818442, 73, 640, 896, 802, 4, 9.87%, 0, 32, 6, 3.60, 13, 122, 26
1776818573, 74, 34, 896, 801, 3, 9.87%, 0, 32, 6, 8.39, 13, 122, 26
1776818692, 74, 829, 896, 801, 3, 9.87%, 0, 32, 6, 0.02, 13, 122, 27
1776818828, 76, 14, 896, 800, 2, 9.87%, 0, 32, 6, 0.92, 13, 122, 27
1776818849, 76, 14, 898, 802, 2, 9.87%, 0, 32, 6, 14.40, 13, 122, 27
1776818865, 76, 258, 898, 802, 2, 9.87%, 0, 32, 6, 1.58, 13, 122, 27
1776818951, 76, 729, 898, 801, 2, 9.87%, 0, 32, 6, 0.92, 13, 122, 27
1776819131, 77, 865, 898, 801, 2, 9.87%, 0, 32, 6, 0.93, 13, 122, 28
1776819354, 77, 865, 900, 803, 2, 9.87%, 0, 32, 7, 0.93, 13, 122, 28
1776819498, 77, 873, 900, 802, 2, 9.87%, 0, 32, 7, 0.92, 13, 122, 28
1776819535, 77, 873, 901, 803, 2, 9.87%, 0, 32, 7, 6.78, 13, 122, 28
1776819583, 77, 873, 902, 804, 2, 9.87%, 0, 32, 7, 8.79, 13, 122, 28
1776819599, 77, 873, 903, 805, 2, 9.87%, 0, 32, 7, 1.58, 13, 122, 28
1776819664, 79, 18, 904, 805, 4, 9.87%, 0, 32, 7, 11.21, 13, 122, 28
1776819685, 79, 735, 904, 805, 4, 9.87%, 0, 32, 7, 1.59, 13, 122, 28
1776819885, 79, 735, 904, 805, 4, 9.87%, 0, 33, 7, 1.47, 13, 122, 28
1776820001, 79, 881, 904, 805, 4, 9.87%, 0, 33, 7, 0.93, 13, 122, 29
1776820143, 83, 396, 904, 804, 3, 9.87%, 0, 33, 7, 0.10, 13, 122, 30
1776820148, 83, 396, 905, 805, 3, 9.87%, 0, 33, 7, 9.20, 13, 122, 30
1776820241, 84, 41, 905, 804, 2, 9.87%, 0, 33, 7, 9.06, 13, 122, 30
1776820267, 84, 882, 905, 804, 2, 9.87%, 0, 33, 7, 8.14, 13, 122, 30
1776820448, 84, 882, 906, 805, 2, 9.87%, 0, 33, 7, 5.74, 13, 122, 30
1776820477, 84, 890, 906, 804, 2, 9.87%, 0, 33, 7, 0.90, 13, 122, 30
1776820738, 85, 54, 906, 803, 1, 9.87%, 0, 33, 7, 12.34, 13, 122, 30
1776820826, 86, 61, 906, 803, 1, 9.87%, 0, 33, 7, 17.58, 13, 122, 30
1776820831, 86, 61, 908, 805, 1, 9.87%, 0, 33, 7, 12.61, 13, 122, 30
1776820852, 86, 887, 908, 805, 4, 9.87%, 0, 33, 7, 15.66, 13, 122, 30
1776820857, 86, 887, 909, 806, 4, 9.87%, 0, 33, 7, 11.67, 13, 122, 30
1776820883, 86, 887, 910, 807, 4, 9.87%, 0, 33, 7, 1.58, 13, 122, 30
1776821076, 86, 887, 911, 808, 4, 9.87%, 0, 33, 7, 6.35, 13, 122, 30
1776821086, 86, 887, 912, 809, 4, 9.87%, 0, 33, 7, 6.38, 13, 122, 30
1776821695, 86, 901, 912, 808, 3, 9.87%, 0, 33, 7, 0.03, 13, 122, 31
1776821706, 86, 901, 913, 809, 3, 9.87%, 0, 33, 7, 5.93, 13, 122, 31
1776821726, 86, 901, 914, 810, 3, 9.87%, 0, 33, 7, 7.15, 13, 122, 31
1776821854, 86, 901, 915, 811, 3, 9.87%, 0, 33, 7, 6.31, 13, 122, 31
1776821940, 87, 798, 915, 810, 3, 9.87%, 0, 33, 7, 7.49, 13, 122, 31
1776822085, 87, 798, 916, 811, 3, 9.87%, 0, 33, 7, 6.18, 13, 122, 31
1776822211, 88, 413, 916, 810, 3, 9.87%, 0, 33, 7, 0.89, 13, 122, 31
1776822259, 88, 413, 917, 811, 3, 9.87%, 0, 33, 7, 6.27, 13, 122, 31
1776822330, 88, 905, 917, 810, 3, 9.87%, 0, 33, 7, 0.93, 13, 122, 31
1776822644, 89, 894, 917, 809, 2, 9.87%, 0, 33, 7, 0.04, 13, 122, 32
1776822675, 89, 894, 918, 810, 2, 9.87%, 0, 33, 7, 6.65, 13, 122, 32
1776822716, 89, 894, 919, 811, 2, 9.87%, 0, 33, 7, 6.53, 13, 122, 32
1776822727, 90, 876, 919, 810, 2, 9.87%, 0, 33, 7, 0.93, 13, 122, 32
1776822932, 90, 876, 920, 811, 2, 9.87%, 0, 33, 7, 0.93, 13, 122, 32
1776823032, 92, 800, 920, 810, 1, 9.87%, 0, 33, 7, 0.89, 13, 122, 32
1776823054, 92, 800, 921, 811, 1, 9.87%, 0, 33, 7, 5.55, 13, 122, 32
1776823230, 93, 576, 921, 811, 3, 9.87%, 0, 33, 7, 11.27, 13, 122, 32
1776823333, 93, 913, 921, 810, 3, 9.87%, 0, 33, 7, 0.12, 13, 122, 33
1776823459, 93, 913, 922, 811, 3, 9.87%, 0, 33, 7, 1.60, 13, 122, 33
1776823559, 94, 905, 922, 810, 2, 9.87%, 0, 33, 7, 0.93, 13, 122, 33
